JSON/2019050706_10m.json
{"header": {"discipline":0,"disciplineName":"Meteorological products","gribEdition":2,"gribLength":44847,"center":7,"centerName":"US National Weather Service - NCEP(WMC)","subcenter":0,"refTime":"2019-05-07T06:00:00.000Z","significanceOfRT":1,"significanceOfRTName":"Start of forecast","productStatus":0,"productStatusName":"Operational products","productType":1,"productTypeName":"Forecast products","productDefinitionTemplate":0,"productDefinitionTemplateName":"Analysis/forecast at horizontal level/layer at a point in time","parameterCategory":2,"parameterCategoryName":"Momentum","parameterNumber":3,"parameterNumberName":"V-component_of_wind","parameterUnit":"m.s-1","genProcessType":2,"genProcessTypeName":"Forecast","forecastTime":0,"surface1Type":100,"surface1TypeName":"Isobaric surface","surface1Value":25000.0,"surface2Type":255,"surface2TypeName":"Missing","surface2Value":0.0,"gridDefinitionTemplate":0,"gridDefinitionTemplateName":"Latitude_Longitude","numberPoints":65160,"shape":6,"shapeName":"Earth spherical with radius of 6,371,229.0 m","gridUnits":"degrees","resolution":48,"winds":"true","scanMode":0,"nx":360,"ny":181,"basicAngle":0,"lo1":0.0,"la1":90.0,"lo2":359.0,"la2":-90.0,"dx":1.0,"dy":1.0}, "data":
[rows 104 to 129 of 181, columns 228 to 284 of 360]
-18.027857,-16.527857,-15.127856,-14.227857,-13.027857,-11.927856,-11.527857,-10.927856,-10.627856,-10.927856,-10.727857,-9.927856,-9.327856,-8.927856,-8.827856,-8.927856,-8.827856,-8.727857,-8.327856,-7.5278563,-6.5278563,-5.5278563,-4.3278565,-2.9278564,-1.2278564,0.27214354,1.7721436,3.0721436,4.4721437,5.4721437,5.9721437,5.7721434,5.2721434,4.4721437,4.0721436,3.5721436,2.9721437,2.0721436,0.97214353,0.47214356,0.57214355,1.7721436,4.0721436,5.4721437,5.4721437,4.7721434,2.8721435,0.27214354,-2.0278563,-3.9278564,-5.0278563,-5.6278563,-6.8278565,-9.627856,-11.527857,-11.927856,-9.427856
-17.027857,-16.627857,-14.927856,-13.427856,-12.327856,-11.627856,-10.927856,-10.227857,-9.527857,-9.127856,-9.327856,-9.527857,-9.527857,-9.627856,-9.427856,-9.027857,-8.527857,-7.8278565,-7.0278563,-6.1278563,-5.2278566,-4.1278563,-2.9278564,-1.7278564,-0.72785646,0.27214354,1.2721436,2.5721436,3.8721435,5.0721436,5.7721434,6.2721434,5.9721437,5.2721434,4.4721437,4.0721436,3.8721435,2.6721435,1.1721436,0.17214355,-0.027856445,0.97214353,2.7721436,4.3721437,5.6721435,6.5721436,6.3721437,4.5721436,1.2721436,-1.9278564,-4.2278566,-5.3278565,-5.7278566,-7.9278564,-11.727857,-12.927856,-12.127856
-15.827856,-14.927856,-14.327856,-12.927856,-11.527857,-10.127856,-9.127856,-8.427856,-8.127856,-7.7278566,-7.6278563,-7.8278565,-8.327856,-8.827856,-9.027857,-9.127856,-8.927856,-8.227857,-7.4278564,-6.4278564,-5.3278565,-4.3278565,-3.3278565,-2.2278564,-0.92785645,0.17214355,1.2721436,2.2721436,3.4721437,4.6721435,5.6721435,6.0721436,6.0721436,5.5721436,5.2721434,4.9721437,4.5721436,3.5721436,2.3721435,1.2721436,0.6721436,1.3721435,2.6721435,4.1721435,6.2721434,7.8721437,8.372144,7.4721437,4.6721435,1.0721436,-2.5278563,-5.0278563,-6.3278565,-7.6278563,-10.627856,-13.527857,-13.827856
-14.027857,-12.827856,-11.827856,-10.627856,-9.227857,-8.127856,-7.2278566,-6.7278566,-6.6278563,-6.7278566,-6.6278563,-6.6278563,-6.8278565,-7.4278564,-8.127856,-8.827856,-8.927856,-8.527857,-8.027857,-7.3278565,-6.5278563,-5.4278564,-4.1278563,-3.0278563,-1.9278564,-0.8278564,0.57214355,2.0721436,3.4721437,4.6721435,5.4721437,5.6721435,5.4721437,5.0721436,4.8721437,4.5721436,4.0721436,3.3721435,2.7721436,2.1721435,1.6721436,2.3721435,3.0721436,4.7721434,6.4721437,7.5721436,7.8721437,6.8721437,4.6721435,1.5721436,-1.8278564,-5.0278563,-7.3278565,-9.027857,-10.927856,-13.327856,-14.627856
-12.327856,-10.627856,-9.527857,-8.327856,-7.0278563,-5.8278565,-5.1278563,-5.0278563,-5.0278563,-5.1278563,-5.1278563,-5.0278563,-5.2278566,-6.0278563,-6.9278564,-7.8278565,-8.527857,-8.627856,-8.427856,-7.9278564,-7.2278566,-6.3278565,-5.6278563,-4.6278563,-3.6278565,-2.1278565,-0.52785647,1.1721436,2.5721436,3.5721436,4.2721434,4.4721437,4.3721437,4.1721435,4.0721436,3.7721436,3.1721435,2.9721437,2.6721435,2.6721435,2.8721435,3.2721436,4.2721434,5.3721437,6.5721436,7.1721435,6.6721435,5.3721437,2.6721435,-0.52785647,-3.3278565,-6.2278566,-8.327856,-10.727857,-11.827856,-13.127856,-13.827856
-9.627856,-8.227857,-7.8278565,-7.0278563,-5.7278566,-4.2278566,-3.2278564,-2.9278564,-3.0278563,-3.1278565,-3.2278564,-3.3278565,-3.8278565,-4.5278563,-5.2278566,-6.3278565,-7.2278566,-8.227857,-9.027857,-9.227857,-8.827856,-7.6278563,-6.4278564,-5.4278564,-4.2278566,-2.9278564,-1.7278564,-0.62785643,0.47214356,1.6721436,2.4721437,2.8721435,3.0721436,3.1721435,3.0721436,2.8721435,2.6721435,2.9721437,3.7721436,4.6721435,5.4721437,6.2721434,7.0721436,7.6721435,7.7721434,7.0721436,5.3721437,2.8721435,0.072143555,-2.5278563,-5.2278566,-7.2278566,-9.327856,-11.227857,-13.127856,-13.627856,-13.627856
-8.527857,-5.6278563,-3.6278565,-2.2278564,-1.4278564,-0.8278564,-0.12785645,0.37214357,0.27214354,0.072143555,-0.62785643,-1.1278565,-1.7278564,-2.9278564,-4.0278563,-5.3278565,-6.6278563,-7.4278564,-8.227857,-8.727857,-8.627856,-8.127856,-7.0278563,-5.9278564,-4.7278566,-3.5278563,-2.5278563,-1.6278565,-1.0278565,-0.12785645,0.6721436,1.3721435,1.9721435,2.2721436,2.3721435,2.5721436,2.8721435,3.7721436,5.1721435,6.6721435,7.7721434,8.372144,8.472143,7.8721437,6.5721436,4.2721434,1.4721435,-1.5278565,-3.7278564,-5.2278566,-6.4278564,-7.7278566,-9.327856,-11.227857,-12.927856,-13.727857,-13.627856
-5.9278564,-4.3278565,-2.7278564,-1.2278564,0.072143555,1.0721436,1.8721435,2.4721437,2.9721437,2.9721437,2.5721436,1.0721436,-0.42785645,-1.9278564,-3.9278564,-4.9278564,-6.1278563,-7.4278564,-8.227857,-8.727857,-8.827856,-8.227857,-7.0278563,-5.9278564,-5.0278563,-4.1278563,-3.3278565,-2.2278564,-1.2278564,-0.8278564,-0.12785645,0.6721436,1.2721436,1.7721436,2.2721436,2.7721436,3.6721435,4.7721434,6.0721436,7.1721435,7.6721435,7.5721436,6.6721435,4.9721437,2.4721437,-0.22785644,-2.6278565,-4.6278563,-6.2278566,-7.2278566,-7.7278566,-8.527857,-9.627856,-11.027857,-12.927856,-13.827856,-13.627856
-2.3278565,-1.8278564,-0.72785646,0.97214353,2.6721435,3.8721435,4.8721437,6.1721435,7.3721437,8.172144,7.6721435,5.7721434,2.1721435,-1.3278564,-4.0278563,-6.2278566,-7.4278564,-8.127856,-9.227857,-9.627856,-9.727857,-9.627856,-8.727857,-6.7278566,-5.0278563,-4.3278565,-3.8278565,-3.3278565,-2.2278564,-1.3278564,-0.52785647,0.17214355,1.0721436,1.9721435,2.7721436,3.5721436,4.1721435,4.9721437,5.6721435,6.0721436,5.9721437,5.0721436,3.3721435,1.2721436,-0.62785643,-2.4278564,-4.2278566,-5.9278564,-7.1278563,-8.227857,-9.127856,-9.827856,-10.827856,-11.827856,-12.627856,-14.027857,-14.227857
1.2721436,2.0721436,3.5721436,5.6721435,7.5721436,8.972143,10.972143,13.572144,15.772143,17.572144,17.972143,14.772143,8.372144,0.77214354,-4.3278565,-7.7278566,-9.627856,-10.227857,-9.627856,-9.627856,-10.027857,-9.627856,-9.327856,-8.927856,-7.8278565,-6.3278565,-5.0278563,-3.6278565,-2.4278564,-1.3278564,-0.32785645,0.57214355,1.6721436,2.7721436,3.8721435,4.3721437,4.3721437,4.2721434,3.7721436,3.2721436,2.5721436,1.5721436,0.57214355,-0.42785645,-1.2278564,-2.2278564,-3.6278565,-5.5278563,-7.6278563,-9.327856,-10.427856,-11.227857,-11.827856,-12.527857,-13.227857,-13.727857,-14.827856
4.6721435,5.9721437,7.7721434,9.872144,11.872144,13.572144,15.372144,18.672144,22.972143,26.972143,29.672144,26.172144,16.472143,6.4721437,-1.4278564,-6.7278566,-9.727857,-11.027857,-11.027857,-10.927856,-9.827856,-8.527857,-6.3278565,-5.1278563,-5.0278563,-4.8278565,-4.2278566,-3.1278565,-1.6278565,0.072143555,1.5721436,2.7721436,3.5721436,3.7721436,3.5721436,3.1721435,2.5721436,2.1721435,1.7721436,1.2721436,0.77214354,0.072143555,-0.52785647,-0.92785645,-1.2278564,-1.8278564,-3.0278563,-5.0278563,-7.4278564,-10.027857,-11.727857,-12.427856,-12.827856,-13.227857,-13.627856,-14.227857,-15.027857
6.0721436,7.7721434,9.572144,11.772143,13.772143,15.672144,17.372143,20.872143,26.472143,31.872143,37.272144,34.472145,21.372143,9.372144,1.9721435,-3.5278563,-8.927856,-11.027857,-12.627856,-13.127856,-10.927856,-8.627856,-7.0278563,-4.6278563,-2.8278565,-1.8278564,-0.8278564,0.37214357,1.5721436,2.8721435,3.8721435,4.2721434,4.1721435,3.7721436,3.1721435,2.5721436,2.1721435,1.5721436,1.0721436,0.47214356,-0.22785644,-0.8278564,-1.5278565,-1.7278564,-1.9278564,-2.2278564,-2.9278564,-4.8278565,-7.3278565,-9.927856,-11.827856,-13.027857,-13.427856,-13.527857,-13.827856,-14.527857,-15.427856
5.6721435,7.0721436,8.872144,11.172144,13.672144,16.172144,18.672144,22.172144,27.872143,33.772144,40.672142,41.572144,25.772144,11.772143,3.7721436,-1.7278564,-6.1278563,-11.627856,-13.627856,-13.027857,-12.127856,-9.327856,-6.7278566,-4.6278563,-2.3278565,-0.42785645,0.97214353,2.4721437,3.6721435,4.4721437,4.9721437,4.9721437,4.1721435,3.3721435,2.4721437,1.7721436,1.2721436,0.6721436,0.17214355,-0.32785645,-0.92785645,-1.6278565,-2.1278565,-2.3278565,-2.2278564,-2.2278564,-2.8278565,-4.2278566,-6.6278563,-9.427856,-11.427856,-12.327856,-12.827856,-13.327856,-13.727857,-14.427856,-15.427856
5.1721435,6.7721434,8.472143,10.672144,13.372144,16.672144,19.872143,23.372143,28.072144,33.472145,40.072144,45.672142,33.272144,15.572144,6.7721434,1.5721436,-2.4278564,-6.5278563,-9.327856,-10.227857,-9.527857,-7.3278565,-4.7278566,-2.8278565,-1.3278564,0.27214354,1.9721435,3.1721435,3.6721435,3.5721436,3.1721435,2.3721435,1.6721436,0.77214354,0.37214357,0.57214355,0.6721436,0.77214354,0.27214354,-0.12785645,-0.72785646,-1.4278564,-2.0278563,-2.3278565,-2.3278565,-2.2278564,-2.7278564,-4.1278563,-5.8278565,-8.327856,-10.227857,-11.327856,-11.827856,-12.227857,-12.927856,-14.027857,-15.127856
4.8721437,6.8721437,8.372144,10.372144,13.172144,16.772144,20.572144,23.972143,27.672144,32.172142,37.672142,43.972145,42.472145,24.672144,9.872144,3.8721435,0.6721436,-1.9278564,-4.3278565,-5.1278563,-4.5278563,-3.0278563,-1.3278564,0.072143555,0.57214355,0.77214354,0.77214354,0.57214355,0.072143555,-0.22785644,-0.22785644,0.072143555,0.77214354,1.6721436,2.1721435,2.1721435,1.6721436,1.0721436,0.37214357,-0.027856445,-0.72785646,-1.2278564,-1.6278565,-2.0278563,-2.2278564,-2.2278564,-2.4278564,-3.5278563,-5.3278565,-7.3278565,-8.827856,-9.827856,-10.427856,-10.727857,-11.227857,-12.327856,-14.427856
4.0721436,6.5721436,8.072144,9.872144,12.472143,16.072144,20.272144,23.572144,26.572144,30.072144,34.772144,40.372143,43.372143,36.372143,18.072144,6.7721434,2.3721435,1.2721436,0.27214354,-0.42785645,-0.42785645,-0.32785645,-1.3278564,-1.8278564,-2.3278565,-2.5278563,-2.3278565,-1.5278565,-0.22785644,1.3721435,2.8721435,4.0721436,4.7721434,4.8721437,4.6721435,3.8721435,2.9721437,1.8721435,0.77214354,-0.52785647,-1.2278564,-1.9278564,-2.3278565,-2.4278564,-2.7278564,-2.7278564,-2.7278564,-3.2278564,-4.8278565,-6.7278566,-7.9278564,-8.127856,-7.8278565,-7.6278563,-7.9278564,-9.227857,-11.927856
2.9721437,5.5721436,7.4721437,9.072144,11.272143,14.472143,18.972143,22.172144,24.672144,27.572144,31.472143,36.172142,39.872143,39.372143,27.972143,10.272143,2.3721435,2.5721436,1.8721435,0.77214354,0.072143555,-0.12785645,-0.22785644,-0.12785645,0.27214354,0.87214357,1.6721436,2.3721435,3.0721436,3.9721437,4.6721435,5.1721435,5.1721435,4.9721437,4.4721437,3.8721435,3.2721436,2.9721437,2.7721436,1.8721435,-0.32785645,-2.1278565,-4.0278563,-4.9278564,-5.2278566,-4.7278566,-4.0278563,-4.0278563,-5.0278563,-6.5278563,-7.2278566,-6.5278563,-4.9278564,-3.7278564,-3.4278564,-4.2278566,-7.4278564
2.4721437,4.0721436,6.0721436,7.9721437,9.772143,12.472143,17.072144,20.472143,22.672144,24.672144,28.272144,32.372143,36.072144,37.372143,33.172142,19.772144,4.6721435,-1.1278565,-1.2278564,-0.62785643,0.072143555,0.6721436,1.4721435,2.6721435,3.5721436,3.7721436,3.7721436,3.8721435,4.0721436,4.8721437,6.1721435,7.5721436,8.672144,9.272143,8.972143,8.072144,6.9721437,5.8721437,5.0721436,3.8721435,2.9721437,0.47214356,-2.1278565,-5.8278565,-8.027857,-8.227857,-6.9278564,-5.8278565,-5.7278566,-6.4278564,-6.4278564,-5.0278563,-2.4278564,0.072143555,1.5721436,0.87214357,-3.4278564
0.47214356,2.2721436,5.3721437,6.9721437,8.272143,10.872144,15.272143,18.772144,20.872143,22.272144,25.072144,28.772144,32.172142,34.272144,32.972145,27.072144,15.872144,6.4721437,1.4721435,-0.12785645,-0.42785645,1.0721436,3.5721436,4.2721434,3.7721436,3.4721437,3.8721435,5.0721436,6.7721434,8.772143,10.672144,11.972143,12.472143,12.372144,11.972143,11.372144,10.272143,9.072144,7.5721436,5.8721437,3.6721435,1.2721436,-1.2278564,-3.7278564,-7.8278565,-10.627856,-10.227857,-8.227857,-7.0278563,-6.7278566,-5.8278565,-3.5278563,0.27214354,4.2721434,6.8721437,5.9721437,0.37214357
0.6721436,1.8721435,4.2721434,5.6721435,7.1721435,10.272143,13.972143,17.372143,19.072144,20.272144,22.372143,25.372143,28.372143,30.372143,31.072144,27.972143,22.072144,12.872144,7.3721437,3.8721435,2.2721436,2.1721435,2.4721437,3.5721436,4.1721435,5.0721436,6.2721434,7.8721437,9.572144,11.472143,13.572144,14.872144,15.372144,15.272143,14.572144,13.472143,12.372144,11.272143,9.972143,7.8721437,5.3721437,1.7721436,-1.3278564,-3.9278564,-6.1278563,-10.227857,-12.427856,-11.127856,-9.127856,-7.7278566,-5.9278564,-2.5278563,2.4721437,7.4721437,10.672144,9.372144,3.3721435
0.47214356,1.7721436,3.2721436,4.9721437,7.0721436,9.872144,13.072144,15.872144,17.172144,18.272144,20.372143,22.972143,25.172144,26.872143,28.072144,27.072144,23.572144,18.272144,11.272143,7.0721436,4.9721437,3.9721437,4.1721435,4.8721437,5.8721437,7.0721436,8.272143,9.672144,11.572144,13.972143,15.872144,16.772144,17.372143,17.572144,17.072144,16.172144,15.072144,14.072144,12.572144,10.272143,6.5721436,2.3721435,-1.4278564,-4.7278566,-6.9278564,-9.227857,-12.727857,-13.827856,-11.827856,-9.527857,-6.6278563,-2.5278563,3.0721436,8.372144,11.472143,9.872144,4.1721435
-0.42785645,0.6721436,2.1721435,4.2721434,6.7721434,9.372144,12.172144,14.372144,14.972143,16.272144,18.872143,21.472143,22.872143,23.972143,25.172144,24.972143,22.772144,19.572144,15.672144,11.272143,8.072144,6.1721435,5.5721436,5.8721437,6.8721437,8.272143,9.972143,12.072144,14.472143,16.472143,17.872143,18.672144,18.972143,18.872143,18.472143,17.772144,17.172144,16.772144,16.072144,13.872144,9.772143,4.0721436,-1.1278565,-5.0278563,-7.3278565,-9.527857,-12.627856,-15.327856,-14.527857,-11.827856,-8.127856,-3.4278564,1.5721436,6.9721437,10.372144,8.672144,3.9721437
-2.5278563,-1.5278565,0.77214354,3.8721435,6.1721435,8.472143,10.672144,11.872144,12.672144,14.572144,17.572144,20.172144,20.972143,21.272144,21.972143,22.172144,20.972143,18.072144,15.772143,13.972143,11.272143,8.572144,7.1721435,7.0721436,7.9721437,9.472143,11.472143,13.972143,16.272144,17.972143,19.072144,19.472143,19.672144,19.572144,19.172144,18.572144,18.372143,18.472143,17.872143,16.172144,12.472143,7.0721436,0.87214357,-4.0278563,-7.6278563,-9.927856,-12.727857,-15.727857,-16.627857,-14.327856,-10.327856,-5.5278563,-0.72785646,4.4721437,8.172144,7.1721435,3.3721435
-3.5278563,-2.0278563,0.17214355,1.6721436,3.4721437,4.8721437,6.5721436,8.172144,10.072144,13.072144,16.372143,18.372143,18.972143,18.872143,19.072144,18.972143,18.272144,16.272144,13.672144,12.672144,12.572144,11.372144,10.172144,9.772143,10.172144,11.272143,12.972143,14.872144,16.672144,18.172144,19.372143,20.072144,20.172144,19.572144,18.672144,18.172144,18.472143,18.972143,18.572144,17.172144,14.172144,9.772143,3.6721435,-2.2278564,-7.3278565,-10.227857,-12.727857,-15.527857,-17.827856,-16.727856,-12.627856,-8.027857,-3.4278564,1.4721435,5.6721435,5.0721436,2.2721436
-4.6278563,-1.9278564,-0.52785647,0.57214355,1.7721436,3.0721436,4.4721437,5.6721435,8.272143,11.672144,14.872144,16.572144,16.872143,16.472143,16.372143,15.872144,14.972143,13.572144,11.672144,9.972143,9.972143,10.772143,11.572144,11.772143,12.072144,12.572144,13.272143,14.672144,16.772144,18.872143,20.572144,21.272144,20.572144,19.172144,17.972143,17.672144,18.472143,19.472143,19.172144,17.072144,14.872144,11.672144,6.7721434,0.37214357,-5.8278565,-10.627856,-13.027857,-15.227857,-17.727856,-18.127857,-14.927856,-10.627856,-6.3278565,-1.3278564,3.2721436,2.7721436,0.57214355
-5.3278565,-3.1278565,-0.92785645,0.17214355,0.47214356,1.4721435,2.7721436,4.7721434,7.0721436,10.072144,12.672144,13.972143,14.472143,14.272143,14.072144,13.272143,11.972143,10.272143,8.872144,7.7721434,7.4721437,8.472143,10.372144,11.772143,12.572144,13.372144,14.272143,15.972143,17.972143,20.372143,21.772144,21.872143,20.572144,18.972143,17.972143,17.972143,18.872143,19.572144,19.372143,18.072144,14.972143,12.572144,9.572144,4.0721436,-2.8278565,-9.527857,-13.427856,-15.127856,-17.227856,-18.727856,-16.627857,-12.727857,-8.527857,-4.0278563,0.6721436,0.97214353,-1.7278564
