JSON/2019050706_10m.json
{"header": {"discipline":0,"disciplineName":"Meteorological products","gribEdition":2,"gribLength":48023,"center":7,"centerName":"US National Weather Service - NCEP(WMC)","subcenter":0,"refTime":"2019-05-07T06:00:00.000Z","significanceOfRT":1,"significanceOfRTName":"Start of forecast","productStatus":0,"productStatusName":"Operational products","productType":1,"productTypeName":"Forecast products","productDefinitionTemplate":0,"productDefinitionTemplateName":"Analysis/forecast at horizontal level/layer at a point in time","parameterCategory":0,"parameterCategoryName":"Temperature","parameterNumber":0,"parameterNumberName":"Temperature","parameterUnit":"K","genProcessType":2,"genProcessTypeName":"Forecast","forecastTime":0,"surface1Type":1,"surface1TypeName":"Ground or water surface","surface1Value":0.0,"surface2Type":255,"surface2TypeName":"Missing","surface2Value":0.0,"gridDefinitionTemplate":0,"gridDefinitionTemplateName":"Latitude_Longitude","numberPoints":65160,"shape":6,"shapeName":"Earth spherical with radius of 6,371,229.0 m","gridUnits":"degrees","resolution":48,"winds":"true","scanMode":0,"nx":360,"ny":181,"basicAngle":0,"lo1":0.0,"la1":90.0,"lo2":359.0,"la2":-90.0,"dx":1.0,"dy":1.0}, "data":
[rows 0 to 27 of 181, columns 62 to 123 of 360]
265.9733,265.9733,265.9733,265.9733,265.9733,265.9733,265.9733,265.9733,265.9733,265.9733,265.9733,265.9733,265.9733,265.9733,265.9733,265.9733,265.9733,265.9733,265.9733,265.9733,265.9733,265.9733,265.9733,265.9733,265.9733,265.9733,265.9733,265.9733,265.9733,265.9733,265.9733,265.9733,265.9733,265.9733,265.9733,265.9733,265.9733,265.9733,265.9733,265.9733,265.9733,265.9733,265.9733,265.9733,265.9733,265.9733,265.9733,265.9733,265.9733,265.9733,265.9733,265.9733,265.9733,265.9733,265.9733,265.9733,265.9733,265.9733,265.9733,265.9733,265.9733,265.9733
261.5733,261.5733,261.4733,261.4733,261.4733,261.4733,261.4733,261.3733,261.3733,261.3733,261.2733,261.2733,261.3733,261.3733,261.2733,261.17328,261.17328,261.0733,260.9733,260.9733,260.8733,260.7733,260.7733,260.67328,260.67328,260.5733,260.4733,260.3733,260.2733,260.2733,260.2733,260.2733,260.2733,260.2733,260.17328,260.2733,260.2733,260.2733,260.2733,260.3733,260.3733,260.4733,260.4733,260.5733,260.5733,260.5733,260.5733,260.67328,260.67328,260.67328,260.67328,260.67328,260.67328,260.7733,260.7733,260.8733,260.8733,260.9733,260.9733,261.0733,261.0733,261.17328
262.5733,262.7733,262.9733,263.17328,263.3733,263.5733,263.5733,263.67328,263.7733,263.9733,264.2733,264.67328,265.0733,265.3733,265.5733,265.7733,265.8733,265.9733,266.0733,266.17328,266.2733,266.2733,266.17328,266.17328,266.17328,266.0733,265.9733,265.7733,265.5733,265.4733,265.17328,264.9733,264.7733,264.4733,264.0733,263.67328,263.2733,262.8733,262.5733,262.0733,261.7733,261.4733,261.3733,261.3733,261.2733,261.17328,261.0733,261.0733,261.0733,261.0733,261.0733,261.0733,261.0733,261.0733,261.0733,261.0733,260.9733,261.0733,261.17328,261.17328,261.17328,261.17328
264.17328,264.0733,263.9733,263.9733,263.8733,263.7733,263.7733,263.7733,263.8733,263.8733,263.9733,264.17328,264.2733,264.3733,264.5733,264.7733,264.9733,265.17328,265.3733,265.67328,265.9733,266.17328,266.3733,266.67328,266.7733,266.9733,267.17328,267.3733,267.4733,267.5733,267.67328,267.67328,267.7733,267.7733,267.8733,267.8733,267.8733,267.8733,267.8733,267.8733,267.7733,267.67328,267.5733,267.4733,267.3733,267.2733,267.17328,266.9733,266.7733,266.4733,266.17328,265.67328,265.0733,264.2733,263.0733,262.4733,262.0733,261.8733,261.7733,261.67328,261.5733,261.3733
263.0733,263.0733,263.0733,263.0733,263.17328,263.17328,263.17328,263.17328,263.17328,263.17328,263.17328,263.2733,263.2733,263.2733,263.2733,263.2733,263.3733,263.3733,263.3733,263.3733,263.3733,263.2733,263.3733,263.3733,263.4733,263.4733,263.4733,263.3733,263.3733,263.3733,263.3733,263.3733,263.4733,263.4733,263.3733,263.4733,263.5733,263.67328,263.7733,263.7733,263.9733,264.17328,264.4733,264.67328,265.17328,265.5733,265.9733,266.2733,266.3733,266.4733,266.5733,266.4733,266.2733,265.67328,265.0733,264.2733,263.67328,263.0733,262.5733,262.2733,262.0733,261.8733
263.2733,263.2733,263.17328,263.17328,263.2733,263.3733,263.3733,263.3733,263.4733,263.5733,263.5733,263.67328,263.7733,263.7733,263.7733,263.9733,263.9733,263.9733,263.9733,263.9733,264.0733,263.9733,264.0733,264.0733,264.0733,264.0733,264.0733,264.0733,263.9733,263.9733,263.8733,263.8733,263.7733,263.7733,263.7733,263.67328,263.67328,263.67328,263.67328,263.5733,263.5733,263.5733,263.5733,263.67328,263.5733,263.5733,263.5733,263.5733,263.67328,263.7733,263.8733,263.9733,264.2733,264.4733,264.7733,265.17328,266.0733,266.5733,266.7733,266.9733,267.0733,266.9733
264.0733,264.2733,264.3733,264.4733,264.67328,264.67328,264.7733,264.7733,264.7733,264.8733,264.9733,264.8733,264.8733,264.9733,265.0733,265.17328,265.17328,265.2733,265.17328,265.2733,265.17328,264.9733,264.8733,264.8733,264.8733,264.8733,264.8733,264.9733,264.9733,265.0733,265.17328,265.2733,265.2733,265.2733,265.2733,265.2733,265.17328,265.2733,265.17328,265.0733,264.8733,264.8733,264.7733,264.67328,264.5733,264.3733,264.3733,264.2733,264.17328,264.0733,264.0733,264.0733,263.9733,264.0733,263.9733,264.0733,264.17328,264.0733,264.17328,264.2733,264.3733,264.2733
265.4733,265.67328,265.8733,266.0733,266.17328,266.4733,266.5733,266.67328,267.0733,267.3733,267.7733,267.5733,267.7733,267.8733,267.9733,268.17328,267.4733,267.9733,267.9733,267.8733,267.7733,267.4733,267.3733,266.9733,266.8733,266.67328,266.67328,266.5733,266.3733,266.3733,266.17328,266.0733,265.7733,265.67328,265.5733,265.5733,265.5733,265.5733,265.5733,265.5733,265.4733,265.5733,265.4733,265.5733,265.4733,265.3733,265.3733,265.3733,265.3733,265.2733,265.17328,265.0733,265.0733,264.9733,264.9733,264.9733,264.8733,264.8733,264.7733,264.7733,264.7733,264.8733
264.9733,265.17328,265.2733,265.3733,265.5733,265.9733,266.4733,267.17328,267.67328,268.0733,268.4733,268.8733,268.9733,269.17328,269.2733,269.3733,269.5733,269.67328,269.67328,269.5733,269.3733,269.3733,269.3733,269.0733,268.7733,268.5733,268.4733,268.4733,268.3733,268.2733,268.17328,268.2733,268.2733,268.3733,268.3733,268.4733,268.4733,268.3733,268.4733,268.4733,268.4733,268.3733,268.2733,268.2733,268.17328,267.9733,267.7733,267.4733,267.2733,267.17328,267.17328,267.0733,266.9733,266.8733,266.7733,266.67328,266.5733,266.3733,266.17328,265.9733,265.8733,265.7733
264.5733,265.2733,265.5733,265.5733,264.9733,264.4733,264.17328,263.9733,263.7733,263.8733,263.8733,263.9733,263.9733,264.0733,264.17328,264.17328,264.4733,264.5733,264.8733,265.2733,265.7733,266.4733,267.4733,268.7733,269.7733,270.0733,269.7733,269.7733,269.3733,268.7733,268.8733,268.17328,267.67328,267.67328,268.4733,269.67328,269.8733,269.7733,269.67328,269.67328,269.8733,270.0733,270.2733,270.2733,270.2733,270.4733,270.5733,270.67328,270.67328,270.8733,270.8733,270.7733,270.8733,270.8733,270.8733,270.7733,270.4733,270.2733,269.7733,269.3733,268.7733,268.17328
263.9733,263.5733,263.3733,263.2733,263.4733,264.0733,264.7733,265.7733,266.7733,267.17328,267.17328,267.17328,266.9733,266.67328,266.3733,265.8733,265.2733,264.3733,264.2733,264.3733,264.3733,264.3733,264.5733,264.8733,265.4733,266.2733,267.0733,267.8733,268.67328,268.5733,268.0733,267.67328,267.9733,267.4733,267.5733,266.8733,268.7733,269.5733,270.9733,271.0733,271.3733,271.4733,271.7733,272.17328,272.3733,272.67328,272.7733,272.9733,272.9733,272.9733,273.17328,273.17328,273.17328,273.17328,273.0733,273.0733,272.8733,272.8733,272.67328,272.5733,272.3733,272.2733
264.67328,265.17328,265.4733,265.67328,265.7733,265.7733,265.8733,266.0733,266.3733,266.67328,267.0733,267.3733,267.67328,267.8733,267.67328,267.0733,266.0733,265.0733,264.5733,264.2733,264.17328,264.0733,264.0733,264.17328,264.3733,264.5733,264.8733,265.17328,265.67328,266.0733,266.5733,267.5733,269.2733,271.4733,269.9733,269.0733,268.3733,266.0733,269.4733,271.0733,269.7733,271.17328,270.8733,273.0733,273.0733,273.0733,273.17328,273.17328,273.17328,273.17328,273.17328,273.17328,273.17328,273.0733,273.0733,273.0733,273.0733,273.17328,273.17328,273.0733,272.9733,272.7733
265.4733,265.4733,265.4733,265.2733,265.0733,265.17328,264.9733,265.3733,265.2733,265.17328,264.3733,264.17328,264.2733,264.2733,264.3733,264.3733,264.2733,264.2733,264.2733,264.17328,264.17328,264.2733,264.2733,264.4733,264.67328,264.7733,264.8733,265.0733,265.2733,265.67328,266.3733,267.0733,268.17328,269.9733,272.17328,273.0733,273.0733,273.0733,272.8733,272.9733,273.0733,273.0733,273.17328,273.17328,273.0733,273.17328,273.17328,273.17328,273.17328,273.0733,273.17328,273.0733,273.17328,273.17328,273.17328,273.17328,273.17328,273.17328,273.17328,272.9733,272.8733,272.5733
272.17328,271.2733,271.17328,271.17328,271.17328,270.67328,267.67328,266.4733,265.3733,265.3733,264.8733,264.3733,264.2733,264.2733,264.3733,264.4733,264.4733,264.5733,264.7733,264.8733,264.8733,264.8733,264.9733,264.9733,265.0733,265.0733,265.17328,265.67328,265.67328,266.0733,266.8733,267.17328,268.5733,271.3733,273.0733,273.0733,273.0733,273.0733,273.0733,273.0733,272.8733,272.7733,273.17328,273.17328,273.0733,273.17328,273.0733,273.17328,273.17328,273.17328,273.17328,273.17328,273.17328,273.17328,273.0733,273.0733,273.0733,273.0733,273.0733,273.0733,272.9733,272.7733
266.8733,266.3733,265.3733,264.4733,264.5733,266.0733,266.0733,265.7733,265.0733,264.8733,264.8733,264.7733,264.7733,264.67328,264.7733,265.0733,265.3733,265.4733,265.4733,265.5733,265.3733,265.3733,265.17328,265.17328,265.17328,265.17328,265.2733,265.4733,265.67328,266.17328,266.7733,267.2733,268.3733,268.8733,271.67328,273.17328,271.67328,272.0733,272.8733,273.0733,272.2733,270.7733,269.67328,268.8733,269.17328,268.67328,268.9733,268.3733,269.0733,270.17328,271.4733,272.7733,273.0733,273.0733,273.0733,273.0733,273.0733,273.0733,273.0733,273.0733,273.0733,273.0733
266.67328,267.0733,267.4733,266.9733,266.67328,266.5733,266.17328,265.8733,265.4733,265.2733,265.0733,265.0733,265.17328,265.17328,265.2733,265.5733,266.17328,266.67328,266.2733,266.0733,266.0733,265.9733,265.9733,266.0733,265.9733,265.8733,265.4733,265.4733,266.0733,266.3733,266.3733,266.5733,267.4733,268.17328,268.3733,268.9733,269.0733,269.4733,270.67328,271.9733,271.5733,269.9733,270.2733,266.9733,267.3733,267.3733,267.4733,266.2733,266.17328,266.67328,267.5733,268.3733,268.7733,269.5733,270.2733,271.2733,272.7733,273.0733,273.0733,272.9733,273.0733,272.9733
266.67328,267.7733,272.3733,272.9733,269.3733,268.0733,267.9733,267.7733,267.0733,266.4733,266.2733,266.17328,266.3733,265.9733,266.2733,266.67328,266.67328,266.7733,267.0733,268.17328,269.5733,267.8733,267.2733,267.5733,267.0733,266.5733,265.5733,265.17328,265.0733,265.3733,265.5733,265.3733,265.17328,264.8733,266.4733,267.4733,268.3733,268.7733,268.5733,268.67328,267.3733,267.2733,267.4733,267.9733,269.2733,269.9733,269.3733,271.3733,272.0733,273.0733,272.8733,271.9733,270.4733,269.67328,269.4733,269.3733,269.5733,269.4733,269.5733,270.2733,272.3733,272.9733
267.4733,267.4733,267.7733,268.4733,271.3733,273.0733,272.8733,272.9733,269.9733,269.3733,269.67328,268.3733,267.7733,267.0733,267.0733,267.9733,269.4733,267.7733,268.0733,266.3733,266.0733,266.0733,266.67328,267.17328,266.8733,266.8733,267.2733,266.9733,267.17328,267.17328,266.2733,266.0733,265.4733,265.3733,264.9733,264.67328,264.7733,265.4733,266.17328,266.2733,266.4733,268.17328,268.67328,270.0733,272.17328,269.5733,267.67328,266.3733,266.9733,268.2733,269.8733,270.17328,269.67328,268.9733,268.17328,267.5733,267.2733,267.3733,269.17328,269.9733,271.17328,271.9733
270.0733,268.4733,268.5733,269.3733,271.2733,272.17328,272.8733,272.7733,273.0733,271.5733,270.3733,272.9733,272.0733,266.9733,268.67328,267.2733,267.17328,265.9733,265.9733,266.9733,267.7733,267.8733,268.0733,267.9733,267.7733,268.2733,269.0733,270.4733,271.4733,271.9733,271.7733,270.9733,269.8733,268.7733,268.3733,268.0733,268.4733,269.17328,268.5733,269.67328,269.5733,270.17328,269.5733,270.67328,267.4733,267.4733,268.17328,269.17328,267.67328,268.8733,268.3733,270.4733,271.4733,269.67328,268.7733,268.2733,267.8733,268.4733,269.0733,269.2733,269.4733,271.5733
272.5733,273.0733,272.2733,271.2733,272.0733,271.5733,272.0733,272.9733,273.0733,273.17328,273.17328,272.7733,272.9733,271.67328,270.7733,269.7733,270.9733,267.5733,266.67328,267.17328,267.9733,271.2733,268.3733,268.67328,268.9733,269.7733,270.5733,270.8733,271.67328,272.2733,272.7733,273.17328,273.17328,273.17328,273.17328,273.17328,273.17328,272.9733,272.9733,273.17328,270.9733,271.17328,269.17328,267.7733,266.8733,267.67328,266.5733,266.5733,267.17328,268.2733,270.8733,271.2733,273.17328,271.5733,271.5733,272.4733,272.0733,273.0733,272.67328,273.17328,271.9733,270.4733
271.3733,271.9733,273.0733,273.0733,273.0733,273.0733,271.67328,271.8733,272.4733,273.0733,273.17328,273.0733,272.8733,273.0733,273.17328,272.67328,272.3733,271.9733,271.0733,270.0733,270.0733,271.8733,271.3733,272.2733,273.0733,273.0733,273.0733,272.5733,270.8733,269.67328,268.9733,269.2733,270.4733,272.9733,273.17328,272.67328,272.5733,272.2733,271.5733,271.5733,269.3733,272.5733,272.7733,272.17328,268.3733,268.2733,266.4733,265.2733,265.5733,270.2733,272.17328,272.2733,273.0733,273.17328,273.0733,273.0733,273.17328,273.17328,273.0733,273.17328,273.17328,273.17328
272.2733,271.9733,273.17328,272.8733,272.9733,273.0733,273.0733,272.67328,272.8733,272.8733,273.0733,273.0733,273.0733,273.0733,273.0733,273.17328,273.17328,273.17328,273.17328,273.17328,273.17328,273.17328,273.17328,273.17328,273.17328,273.17328,272.67328,273.17328,272.3733,273.17328,272.3733,270.0733,271.9733,269.4733,270.0733,270.17328,269.9733,271.2733,272.3733,273.17328,273.17328,273.17328,273.2733,273.2733,272.9733,272.4733,272.2733,270.5733,271.4733,272.0733,272.0733,272.8733,273.0733,273.0733,273.5733,273.17328,273.17328,273.5733,273.17328,273.2733,274.0733,274.5733
270.4733,271.0733,271.17328,271.8733,270.4733,271.2733,272.5733,272.9733,272.5733,273.17328,272.8733,272.7733,273.0733,273.3733,273.2733,272.8733,273.17328,273.17328,273.0733,273.17328,273.17328,273.17328,273.17328,273.17328,273.17328,273.17328,273.17328,273.17328,273.17328,272.7733,272.4733,270.4733,270.7733,270.67328,272.2733,271.5733,272.0733,273.17328,272.5733,275.0733,274.2733,273.17328,273.17328,273.17328,273.17328,273.67328,272.8733,272.3733,272.5733,272.17328,273.2733,271.8733,273.17328,273.0733,273.17328,274.2733,273.2733,274.5733,273.7733,276.5733,274.7733,275.7733
272.0733,272.4733,271.9733,271.2733,271.5733,271.4733,273.0733,273.2733,273.17328,279.4733,273.17328,273.17328,272.8733,272.7733,272.4733,272.7733,273.7733,273.3733,273.67328,273.17328,273.2733,273.2733,273.17328,273.17328,273.17328,273.17328,273.17328,273.17328,273.17328,273.17328,272.2733,273.0733,272.4733,272.4733,273.4733,271.4733,273.0733,272.5733,273.17328,273.3733,273.0733,273.17328,273.17328,273.17328,273.17328,273.17328,273.17328,273.5733,273.8733,273.17328,273.17328,273.5733,272.8733,273.17328,273.7733,273.17328,273.9733,275.5733,273.4733,274.9733,273.17328,273.5733
277.8733,272.4733,274.4733,273.2733,273.2733,273.5733,273.17328,273.8733,273.2733,273.67328,274.4733,273.2733,273.17328,273.17328,273.17328,273.17328,273.3733,273.3733,277.5733,275.7733,273.17328,273.17328,273.3733,274.9733,273.17328,273.17328,273.5733,273.5733,273.9733,277.7733,273.5733,273.17328,273.17328,273.2733,273.67328,273.0733,274.0733,273.3733,273.9733,274.17328,273.17328,273.17328,273.17328,273.17328,272.17328,273.0733,272.9733,271.67328,271.5733,271.3733,273.0733,273.17328,273.7733,276.0733,275.9733,274.2733,276.2733,277.67328,277.67328,274.9733,273.17328,273.3733
279.9733,274.67328,273.9733,273.17328,273.9733,276.0733,273.7733,273.9733,273.2733,273.3733,273.2733,274.0733,275.5733,274.7733,274.17328,274.3733,276.0733,275.17328,274.8733,277.5733,273.9733,273.2733,279.4733,285.5733,284.9733,285.3733,282.2733,276.2733,276.8733,275.4733,274.0733,277.17328,278.17328,273.17328,273.9733,273.17328,273.5733,279.2733,276.0733,277.9733,280.5733,279.0733,273.3733,275.4733,273.4733,275.0733,274.5733,273.67328,273.4733,273.5733,274.3733,273.17328,277.3733,278.4733,278.17328,277.5733,275.9733,277.67328,277.8733,276.5733,275.5733,273.17328
280.4733,279.8733,282.7733,279.17328,278.17328,285.3733,281.7733,278.4733,275.4733,274.0733,275.17328,274.9733,274.67328,275.17328,275.7733,275.5733,276.5733,275.4733,274.7733,278.2733,283.0733,281.8733,283.3733,284.0733,278.2733,276.8733,277.3733,275.2733,275.8733,276.5733,274.0733,276.0733,277.7733,280.17328,282.7733,277.7733,282.2733,281.67328,283.3733,280.9733,281.8733,281.17328,278.17328,278.8733,279.2733,279.9733,279.4733,279.3733,278.8733,274.7733,275.3733,276.7733,276.5733,278.3733,279.4733,281.2733,281.67328,281.8733,281.9733,280.7733,275.17328,276.9733
286.9733,287.0733,286.67328,289.3733,287.8733,287.7733,285.5733,282.2733,279.3733,277.4733,278.8733,278.5733,281.4733,279.9733,278.3733,279.5733,278.0733,279.2733,281.17328,282.0733,284.0733,283.17328,282.0733,280.3733,276.5733,278.17328,278.2733,276.17328,275.3733,275.67328,274.9733,276.3733,273.3733,281.3733,283.4733,281.9733,281.8733,281.8733,280.7733,280.9733,280.2733,280.17328,280.4733,280.8733,280.7733,280.17328,280.5733,280.9733,280.17328,279.4733,277.0733,278.3733,278.9733,280.5733,280.5733,282.4733,282.5733,282.17328,282.0733,281.0733,281.0733,279.9733
