JSON/2019050706_10m.json
{"header": {"discipline":0,"disciplineName":"Meteorological products","gribEdition":2,"gribLength":43099,"center":7,"centerName":"US National Weather Service - NCEP(WMC)","subcenter":0,"refTime":"2019-05-07T06:00:00.000Z","significanceOfRT":1,"significanceOfRTName":"Start of forecast","productStatus":0,"productStatusName":"Operational products","productType":1,"productTypeName":"Forecast products","productDefinitionTemplate":0,"productDefinitionTemplateName":"Analysis/forecast at horizontal level/layer at a point in time","parameterCategory":2,"parameterCategoryName":"Momentum","parameterNumber":2,"parameterNumberName":"U-component_of_wind","parameterUnit":"m.s-1","genProcessType":2,"genProcessTypeName":"Forecast","forecastTime":0,"surface1Type":100,"surface1TypeName":"Isobaric surface","surface1Value":25000.0,"surface2Type":255,"surface2TypeName":"Missing","surface2Value":0.0,"gridDefinitionTemplate":0,"gridDefinitionTemplateName":"Latitude_Longitude","numberPoints":65160,"shape":6,"shapeName":"Earth spherical with radius of 6,371,229.0 m","gridUnits":"degrees","resolution":48,"winds":"true","scanMode":0,"nx":360,"ny":181,"basicAngle":0,"lo1":0.0,"la1":90.0,"lo2":359.0,"la2":-90.0,"dx":1.0,"dy":1.0}, "data":
[rows 75 to 99 of 181, columns 232 to 289 of 360]
30.006866,28.906866,28.006866,27.406866,27.106867,26.806866,26.506866,26.006866,25.706867,25.406866,25.106867,24.906866,24.806866,24.406866,24.006866,24.106867,24.406866,24.306866,24.006866,23.506866,23.206867,23.006866,22.506866,22.006866,21.306866,20.906866,21.006866,20.906866,20.206867,20.306866,21.806866,21.206867,18.106867,14.506866,12.106867,12.306867,14.106867,16.406866,12.906866,7.0068665,10.406866,15.306867,16.506866,16.406866,14.406866,12.206866,11.406866,11.106867,10.606867,10.406866,10.706866,10.906866,12.206866,14.506866,16.206867,16.806866,15.506866,14.106867
25.206867,24.306866,23.706867,23.506866,23.606867,23.406866,22.906866,22.406866,21.906866,21.506866,21.606867,21.706867,21.506866,21.306866,21.406866,21.806866,21.406866,20.106867,19.606867,20.006866,20.406866,20.306866,19.606867,18.806866,18.306866,18.206867,17.806866,17.506866,17.706867,17.506866,16.506866,16.706867,15.606867,14.306867,11.606867,8.906866,7.7068663,7.1068664,2.4068666,3.9068666,10.406866,13.506866,13.906866,12.806867,10.806867,8.406866,9.006866,8.306867,7.9068666,9.306867,9.706866,9.006866,8.306867,8.406866,9.006866,10.606867,11.806867,11.706866
21.506866,20.606867,20.106867,20.006866,19.706867,19.306866,18.706867,18.306866,17.906866,17.806866,17.806866,18.006866,18.206867,18.906866,19.506866,18.206867,16.806866,16.406866,16.306866,16.206867,16.206867,15.906866,15.106867,14.506866,14.606867,14.406866,14.106867,14.206866,14.306867,14.306867,14.006866,12.806867,11.706866,9.906866,8.906866,7.8068666,5.3068666,2.8068664,0.006866455,7.8068666,10.406866,11.306867,10.406866,8.606867,6.6068664,6.1068664,7.1068664,6.3068666,5.8068666,4.8068666,4.5068665,4.6068664,5.4068666,5.3068666,6.0068665,5.0068665,5.0068665,6.6068664
19.006866,18.306866,18.106867,17.606867,16.606867,15.506866,14.906866,14.706866,14.606867,14.706866,14.906866,15.406866,16.106867,15.806867,14.306867,13.606867,13.106867,13.106867,12.606867,11.706866,11.406866,10.906866,10.406866,10.606867,10.506866,10.406866,10.306867,11.006866,11.306867,10.806867,10.206866,9.506866,8.606867,6.8068666,5.7068663,5.3068666,3.3068664,1.0068665,2.5068665,9.406866,8.206866,6.6068664,6.7068663,6.8068666,3.6068664,2.5068665,2.2068665,3.0068665,2.7068665,3.6068664,2.9068666,4.0068665,2.8068664,3.0068665,2.0068665,3.0068665,5.2068663,7.1068664
17.306866,16.806866,16.206867,15.206866,13.806867,12.506866,12.006866,12.006866,12.006866,12.306867,13.106867,13.206866,12.406866,10.806867,9.706866,9.306867,9.106867,7.7068663,6.9068666,6.1068664,5.7068663,5.3068666,4.9068666,5.4068666,6.3068666,6.9068666,7.9068666,8.006866,7.9068666,7.0068665,6.3068666,5.8068666,4.7068663,3.7068665,3.3068664,2.9068666,1.2068665,0.10686646,7.0068665,6.8068666,5.0068665,2.8068664,3.5068665,2.8068664,1.0068665,-2.1931336,-0.69313353,2.1068664,1.4068664,1.0068665,1.9068664,2.5068665,0.80686647,0.90686643,-0.09313355,0.70686644,1.0068665,-0.29313356
14.906866,14.206866,13.406866,12.106867,10.806867,10.506866,10.506866,9.706866,9.606867,10.306867,10.406866,9.906866,8.106867,6.3068666,5.0068665,4.7068663,3.8068664,2.1068664,1.8068664,1.6068665,1.4068664,1.3068664,1.9068664,2.9068666,3.5068665,3.9068666,5.1068664,5.1068664,4.7068663,3.8068664,3.2068665,2.3068664,0.90686643,1.1068665,0.40686646,-0.19313355,-2.7931335,-0.59313357,5.6068664,3.8068664,3.1068664,3.2068665,1.2068665,0.20686646,-3.3931336,-3.3931336,-0.29313356,-0.39313355,-0.79313356,-1.1931336,-1.3931335,-0.09313355,-0.99313354,-1.6931336,-0.8931335,-0.99313354,-3.3931336,-3.4931335
9.106867,8.306867,5.5068665,7.7068663,8.806867,9.106867,8.606867,7.5068665,7.9068666,8.006866,7.2068663,6.5068665,4.9068666,2.4068666,2.0068665,1.4068664,0.40686646,-0.19313355,-0.69313353,-1.3931335,-1.6931336,-1.1931336,0.20686646,1.3068664,1.5068665,1.4068664,2.3068664,2.5068665,2.6068664,2.0068665,0.90686643,-0.49313354,-1.5931336,-1.3931335,-2.5931334,-3.8931336,-5.0931334,0.80686647,2.2068665,0.20686646,1.2068665,1.8068664,-0.69313353,-3.1931336,-2.7931335,-5.8931336,-2.8931336,-0.8931335,-2.9931335,-3.2931335,-3.6931336,-1.1931336,-3.3931336,-3.7931335,-3.8931336,-5.3931336,-5.5931334,-5.0931334
5.2068663,5.9068666,3.6068664,0.40686646,3.1068664,5.2068663,3.5068665,3.9068666,4.5068665,3.3068664,3.6068664,3.9068666,2.7068665,0.50686646,0.20686646,-0.8931335,-2.1931336,-2.8931336,-3.0931334,-2.8931336,-2.7931335,-1.6931336,-0.8931335,-0.39313355,-0.69313353,-0.8931335,-0.39313355,-0.29313356,0.40686646,0.30686647,-0.59313357,-2.0931334,-3.6931336,-4.3931336,-5.3931336,-6.7931337,-2.4931335,-0.79313356,-0.8931335,-1.5931336,-1.9931335,-1.5931336,-1.0931336,-4.2931337,-5.6931334,-3.4931335,-2.3931336,-2.1931336,-3.5931334,-4.5931334,-3.9931335,-1.2931335,-3.7931335,-5.1931334,-6.2931337,-5.6931334,-5.9931335,-5.0931334
3.0068665,3.7068665,3.8068664,3.0068665,-0.69313353,-1.4931335,-1.4931335,-1.3931335,-0.79313356,0.40686646,1.0068665,-0.19313355,-0.59313357,-1.7931335,-1.3931335,-2.7931335,-4.1931334,-4.8931336,-4.6931334,-4.1931334,-3.4931335,-2.4931335,-1.9931335,-2.1931336,-2.5931334,-3.1931336,-3.5931334,-2.8931336,-2.1931336,-1.6931336,-2.2931335,-3.3931336,-5.3931336,-6.3931336,-7.5931334,-5.6931334,-1.8931335,-3.1931336,-2.3931336,-0.8931335,-3.9931335,-3.3931336,-3.5931334,-4.5931334,-4.0931334,-1.8931335,-2.5931334,-3.3931336,-2.8931336,-5.9931335,-3.5931334,-1.9931335,-3.5931334,-3.8931336,-6.9931335,-7.7931337,-6.6931334,-6.8931336
0.6068665,1.4068664,1.4068664,0.40686646,-0.99313354,-3.3931336,-3.6931336,-0.79313356,-1.9931335,-0.99313354,-0.39313355,-0.8931335,-2.6931336,-3.5931334,-3.3931336,-4.2931337,-4.7931337,-4.4931335,-4.3931336,-3.6931336,-3.1931336,-3.0931334,-3.2931335,-3.5931334,-3.9931335,-4.5931334,-5.4931335,-4.8931336,-5.0931334,-4.3931336,-3.6931336,-4.0931334,-5.1931334,-7.2931337,-8.093134,-2.6931336,-1.9931335,-3.6931336,-1.6931336,-0.39313355,-0.8931335,-3.8931336,-4.7931337,-3.7931335,-0.99313354,0.90686643,-3.0931334,-5.8931336,-6.4931335,-8.193133,-6.2931337,-4.2931337,-4.1931334,-4.2931337,-8.393133,-7.3931336,-7.9931335,-8.193133
-2.0931334,-0.49313354,1.7068665,1.4068664,0.40686646,-3.5931334,-4.4931335,-1.9931335,-2.8931336,-3.3931336,-3.0931334,-3.1931336,-4.0931334,-5.0931334,-5.2931337,-5.1931334,-4.4931335,-4.2931337,-4.4931335,-3.8931336,-3.5931334,-4.4931335,-5.4931335,-5.7931337,-5.8931336,-6.6931334,-6.5931334,-7.1931334,-7.5931334,-6.7931337,-5.0931334,-4.1931334,-4.5931334,-5.5931334,-4.0931334,-4.4931335,-4.2931337,-3.9931335,-2.6931336,-0.29313356,2.1068664,2.6068664,-1.1931336,-2.0931334,2.0068665,-0.8931335,-2.8931336,-4.1931334,-5.5931334,-7.6931334,-7.0931334,-7.0931334,-7.4931335,-6.0931334,-7.2931337,-7.2931337,-7.0931334,-9.293134
-4.0931334,-2.1931336,-0.69313353,-1.0931336,-3.2931335,-5.0931334,-3.9931335,-4.6931334,-5.4931335,-6.0931334,-5.4931335,-5.2931337,-5.8931336,-5.5931334,-5.7931337,-5.0931334,-4.2931337,-4.5931334,-4.7931337,-4.6931334,-5.1931334,-5.7931337,-6.4931335,-7.0931334,-7.1931334,-7.7931337,-7.5931334,-9.693133,-10.493134,-9.293134,-7.5931334,-5.0931334,-3.3931336,-3.2931335,-2.6931336,-2.5931334,-2.0931334,-1.1931336,-1.0931336,1.3068664,3.0068665,4.9068666,5.2068663,5.2068663,4.1068664,2.4068666,0.6068665,-0.8931335,-4.2931337,-4.5931334,-6.2931337,-8.293134,-8.193133,-10.393133,-7.5931334,-8.293134,-6.9931335,-6.4931335
-6.2931337,-5.1931334,-4.3931336,-6.6931334,-7.6931334,-7.4931335,-6.7931337,-6.7931337,-5.9931335,-6.7931337,-7.3931336,-7.1931334,-6.8931336,-5.9931335,-5.6931334,-5.4931335,-6.0931334,-5.7931337,-6.3931336,-6.1931334,-7.5931334,-6.4931335,-5.9931335,-6.8931336,-8.093134,-6.8931336,-8.693133,-10.493134,-10.893133,-9.793134,-8.693133,-7.1931334,-4.6931334,-3.2931335,-1.5931336,-0.59313357,-0.39313355,0.10686646,2.5068665,4.2068663,3.3068664,3.5068665,4.7068663,7.3068666,9.106867,9.206866,9.906866,8.906866,1.5068665,0.40686646,-5.5931334,-8.893133,-7.0931334,-8.093134,-7.3931336,-8.393133,-7.2931337,-6.3931336
-6.6931334,-5.6931334,-6.3931336,-7.5931334,-8.593134,-7.1931334,-8.593134,-7.6931334,-7.4931335,-7.7931337,-8.293134,-8.193133,-7.7931337,-6.8931336,-6.0931334,-7.0931334,-7.7931337,-7.1931334,-8.493134,-9.793134,-9.093134,-8.193133,-6.9931335,-6.4931335,-8.193133,-7.7931337,-9.093134,-10.593134,-10.193133,-11.393133,-9.593134,-8.793134,-8.393133,-6.7931337,-4.0931334,-2.4931335,-0.39313355,2.5068665,4.4068666,4.3068666,3.2068665,2.7068665,3.2068665,4.6068664,7.8068666,10.106867,12.206866,13.406866,11.806867,5.0068665,-2.3931336,-5.9931335,-7.2931337,-9.393133,-9.593134,-8.793134,-7.8931336,-7.6931334
-6.4931335,-5.4931335,-5.0931334,-6.1931334,-6.1931334,-7.6931334,-8.593134,-7.0931334,-6.9931335,-7.5931334,-8.593134,-9.193133,-9.093134,-8.593134,-8.393133,-9.293134,-6.6931334,-8.993134,-10.593134,-12.593134,-13.593134,-12.893133,-10.393133,-7.7931337,-6.8931336,-9.093134,-7.7931337,-8.893133,-9.093134,-9.993134,-10.593134,-11.193133,-11.293134,-8.993134,-3.8931336,0.6068665,2.8068664,4.1068664,5.3068666,5.7068663,5.0068665,4.2068663,4.0068665,4.9068666,6.0068665,8.106867,10.306867,10.406866,10.606867,3.8068664,-3.0931334,-6.1931334,-8.593134,-9.393133,-9.293134,-7.4931335,-6.3931336,-6.6931334
-5.0931334,-4.5931334,-4.3931336,-5.3931336,-5.0931334,-6.0931334,-7.4931335,-7.3931336,-7.3931336,-8.193133,-8.993134,-9.693133,-9.693133,-9.093134,-8.693133,-7.7931337,-8.793134,-10.593134,-11.993134,-12.093134,-11.193133,-10.493134,-11.293134,-11.993134,-10.093134,-8.893133,-7.5931334,-6.3931336,-7.1931334,-7.9931335,-9.093134,-7.8931336,-5.3931336,-1.7931335,0.90686643,2.9068666,4.1068664,5.0068665,5.7068663,6.5068665,6.5068665,6.2068663,5.7068663,5.8068666,6.5068665,7.2068663,8.106867,8.806867,7.0068665,3.7068665,-1.0931336,-6.9931335,-9.193133,-9.593134,-9.193133,-8.593134,-8.193133,-6.1931334
-2.1931336,-2.8931336,-3.6931336,-4.8931336,-5.6931334,-6.0931334,-6.5931334,-6.9931335,-7.9931335,-8.693133,-8.993134,-9.593134,-9.493134,-8.293134,-6.7931337,-7.2931337,-8.193133,-9.793134,-10.493134,-9.593134,-8.593134,-8.193133,-8.993134,-10.093134,-9.493134,-7.3931336,-4.7931337,-1.9931335,-0.59313357,-0.79313356,0.006866455,-0.39313355,0.006866455,1.3068664,2.7068665,3.9068666,4.9068666,5.6068664,6.7068663,7.4068666,7.4068666,7.5068665,7.3068666,7.1068664,7.0068665,7.4068666,6.8068666,6.8068666,6.9068666,1.4068664,-0.09313355,-4.8931336,-6.6931334,-8.793134,-9.193133,-8.893133,-8.493134,-8.793134
0.006866455,-0.8931335,-2.2931335,-3.8931336,-4.8931336,-5.8931336,-5.9931335,-5.7931337,-6.3931336,-7.0931334,-7.2931337,-6.7931337,-5.8931336,-5.0931334,-5.5931334,-6.3931336,-7.1931334,-8.293134,-8.593134,-7.5931334,-6.2931337,-5.6931334,-6.7931337,-7.3931336,-6.6931334,-5.2931337,-4.3931336,-3.7931335,-2.7931335,-1.1931336,-0.19313355,0.50686646,1.2068665,1.7068665,2.7068665,3.7068665,4.5068665,5.3068666,6.8068666,7.5068665,7.9068666,7.9068666,7.8068666,7.9068666,8.106867,7.9068666,6.9068666,6.5068665,7.6068664,0.6068665,2.1068664,-3.3931336,-4.4931335,-6.8931336,-8.993134,-8.093134,-8.193133,-7.1931334
2.8068664,0.20686646,-1.3931335,-3.0931334,-4.0931334,-5.3931336,-5.6931334,-5.2931337,-4.8931336,-5.0931334,-5.7931337,-5.0931334,-3.7931335,-3.0931334,-4.9931335,-5.7931337,-6.3931336,-6.6931334,-6.2931337,-5.5931334,-4.6931334,-4.1931334,-4.3931336,-4.5931334,-4.6931334,-4.7931337,-4.7931337,-4.1931334,-3.0931334,-1.8931335,-0.79313356,-0.49313354,0.6068665,1.5068665,2.4068666,3.5068665,4.2068663,4.5068665,5.9068666,7.1068664,7.7068663,7.7068663,7.8068666,8.006866,8.706866,9.006866,8.606867,7.0068665,7.8068666,6.6068664,1.2068665,-3.0931334,-3.0931334,-3.8931336,-6.3931336,-7.6931334,-7.3931336,-6.9931335
4.8068666,1.7068665,-1.2931335,-2.7931335,-4.0931334,-5.0931334,-5.7931337,-6.4931335,-5.6931334,-4.6931334,-3.9931335,-3.3931336,-2.5931334,-3.1931336,-4.7931337,-5.5931334,-5.1931334,-4.2931337,-4.3931336,-4.3931336,-2.9931335,-1.9931335,-2.0931334,-1.9931335,-3.1931336,-3.7931335,-3.7931335,-3.6931336,-3.0931334,-2.0931334,-1.2931335,-0.49313354,0.30686647,1.0068665,1.9068664,2.1068664,3.1068664,3.7068665,4.4068666,5.7068663,6.5068665,6.9068666,6.9068666,7.4068666,8.506866,9.006866,9.206866,9.106867,7.9068666,7.3068666,4.8068666,2.2068665,1.6068665,-0.29313356,-1.9931335,-4.7931337,-6.1931334,-6.2931337
5.2068663,2.2068665,-1.2931335,-2.3931336,-3.3931336,-4.2931337,-4.9931335,-5.1931334,-5.1931334,-4.7931337,-3.4931335,-2.2931335,-1.9931335,-2.8931336,-4.2931337,-4.4931335,-3.1931336,-3.3931336,-3.4931335,-2.8931336,-1.2931335,-1.0931336,-1.5931336,-2.3931336,-3.2931335,-5.0931334,-6.5931334,-6.6931334,-5.6931334,-4.1931334,-2.4931335,-1.0931336,-0.19313355,0.006866455,0.006866455,0.20686646,1.3068664,2.2068665,2.9068666,3.8068664,4.8068666,5.8068666,6.2068663,6.6068664,7.0068665,7.5068665,7.6068664,9.206866,9.006866,10.206866,7.0068665,5.3068666,4.7068663,3.4068666,1.7068665,-0.59313357,-1.4931335,-3.1931336
3.2068665,0.90686643,-1.3931335,-1.6931336,-1.9931335,-2.6931336,-3.4931335,-3.6931336,-3.5931334,-3.9931335,-3.9931335,-3.0931334,-2.5931334,-2.7931335,-2.3931336,-1.9931335,-1.7931335,-2.1931336,-1.5931336,-0.29313356,0.10686646,-1.0931336,-2.2931335,-3.4931335,-4.4931335,-5.1931334,-6.0931334,-5.8931336,-4.8931336,-3.7931335,-2.1931336,-0.19313355,1.8068664,3.1068664,3.3068664,3.4068666,3.4068666,2.6068664,2.4068666,2.7068665,3.4068666,4.2068663,5.2068663,5.9068666,6.3068666,6.7068663,6.7068663,7.2068663,9.906866,12.406866,8.006866,8.106867,3.5068665,3.7068665,2.0068665,0.80686647,-0.79313356,-1.8931335
1.2068665,-0.09313355,-0.79313356,-0.69313353,-0.8931335,-1.6931336,-2.2931335,-2.2931335,-2.3931336,-2.5931334,-2.8931336,-3.4931335,-3.2931335,-3.2931335,-2.0931334,-0.69313353,-0.29313356,0.20686646,1.3068664,2.4068666,1.2068665,0.10686646,-0.39313355,-0.8931335,-1.5931336,-1.8931335,-1.1931336,-0.39313355,0.50686646,1.7068665,2.9068666,3.9068666,4.9068666,5.7068663,6.2068663,5.8068666,4.8068666,4.2068663,3.3068664,3.0068665,3.4068666,4.2068663,5.0068665,5.9068666,6.4068666,6.7068663,7.5068665,7.8068666,9.006866,7.5068665,12.706866,9.006866,7.9068666,4.5068665,2.5068665,1.1068665,-0.39313355,-0.59313357
0.90686643,0.20686646,0.30686647,0.40686646,0.006866455,-0.79313356,-0.99313354,-0.79313356,-0.59313357,-0.59313357,-0.99313354,-1.5931336,-1.5931336,-1.5931336,-1.0931336,0.10686646,1.0068665,2.1068664,3.5068665,3.9068666,3.8068664,3.6068664,3.8068664,3.7068665,3.6068664,3.7068665,3.8068664,4.3068666,5.0068665,5.8068666,6.9068666,7.9068666,8.706866,9.206866,9.206866,8.206866,6.6068664,5.2068663,4.5068665,3.7068665,3.9068666,4.7068663,5.7068663,6.8068666,6.9068666,7.4068666,8.206866,8.606867,9.506866,9.706866,10.106867,10.306867,6.4068666,5.9068666,3.2068665,2.3068664,0.90686643,0.80686647
1.6068665,1.5068665,1.3068664,1.4068664,1.4068664,1.1068665,0.90686643,0.80686647,1.0068665,1.4068664,1.8068664,1.2068665,0.80686647,0.6068665,0.90686643,1.7068665,2.7068665,3.5068665,4.5068665,5.4068666,5.8068666,6.5068665,7.3068666,7.7068663,7.8068666,7.5068665,7.4068666,7.9068666,8.706866,9.706866,10.606867,10.906866,11.006866,10.706866,10.206866,9.506866,8.506866,7.2068663,6.0068665,5.0068665,4.8068666,5.9068666,6.9068666,7.8068666,8.306867,8.906866,9.606867,10.206866,10.306867,12.006866,5.9068666,9.506866,7.6068664,5.9068666,3.8068664,3.1068664,2.5068665,2.4068666
