JSON/2019050706_10m.json
{"header": {"discipline":0,"disciplineName":"Meteorological products","gribEdition":2,"gribLength":74292,"center":7,"centerName":"US National Weather Service - NCEP(WMC)","subcenter":0,"refTime":"2019-05-07T06:00:00.000Z","significanceOfRT":1,"significanceOfRTName":"Start of forecast","productStatus":0,"productStatusName":"Operational products","productType":1,"productTypeName":"Forecast products","productDefinitionTemplate":0,"productDefinitionTemplateName":"Analysis/forecast at horizontal level/layer at a point in time","parameterCategory":2,"parameterCategoryName":"Momentum","parameterNumber":2,"parameterNumberName":"U-component_of_wind","parameterUnit":"m.s-1","genProcessType":2,"genProcessTypeName":"Forecast","forecastTime":0,"surface1Type":103,"surface1TypeName":"Specified height level above ground","surface1Value":10.0,"surface2Type":255,"surface2TypeName":"Missing","surface2Value":0.0,"gridDefinitionTemplate":0,"gridDefinitionTemplateName":"Latitude_Longitude","numberPoints":65160,"shape":6,"shapeName":"Earth spherical with radius of 6,371,229.0 m","gridUnits":"degrees","resolution":48,"winds":"true","scanMode":0,"nx":360,"ny":181,"basicAngle":0,"lo1":0.0,"la1":90.0,"lo2":359.0,"la2":-90.0,"dx":1.0,"dy":1.0}, "data":
[rows 104 to 129 of 181, columns 232 to 289 of 360]
-8.154651,-8.274651,-8.174651,-8.424651,-8.6046505,-8.294651,-8.034651,-8.204651,-8.18465,-8.214651,-8.344651,-8.624651,-8.624651,-8.574651,-8.6046505,-8.68465,-8.704651,-8.594651,-8.384651,-8.344651,-8.314651,-8.154651,-7.964651,-8.574651,-8.994651,-9.024651,-8.334651,-8.1046505,-7.274651,-7.044651,-6.984651,-6.484651,-6.824651,-7.084651,-7.464651,-7.244651,-6.8446507,-6.564651,-6.4046507,-6.374651,-6.464651,-6.6746507,-6.6746507,-6.684651,-6.574651,-5.914651,-5.604651,-4.564651,-3.084651,-2.604651,-2.2146509,-3.0346508,0.38534912,-3.584651,-0.8646509,-0.5746509,-0.26465088,-1.0046508
-8.14465,-8.1046505,-7.9046507,-8.034651,-8.754651,-9.204651,-9.314651,-8.564651,-8.334651,-8.524651,-8.554651,-8.314651,-8.124651,-8.464651,-8.844651,-8.584651,-8.344651,-8.254651,-8.314651,-8.634651,-8.714651,-8.554651,-8.39465,-8.824651,-9.064651,-9.054651,-8.074651,-8.474651,-7.334651,-7.1546507,-6.584651,-6.1746507,-6.624651,-6.9246507,-6.974651,-6.834651,-6.494651,-6.4046507,-6.464651,-6.204651,-6.454651,-6.794651,-6.8646507,-6.584651,-6.304651,-6.064651,-5.554651,-5.044651,-4.484651,-3.8046508,-3.834651,-4.014651,-4.9046507,0.15534912,-2.5346508,0.015349121,0.6053491,0.89534914
-8.364651,-8.024651,-7.834651,-7.9046507,-8.044651,-8.39465,-8.43465,-7.8446507,-7.894651,-8.584651,-8.254651,-7.524651,-7.3846507,-7.574651,-7.814651,-7.914651,-8.074651,-8.18465,-8.314651,-8.524651,-8.734651,-8.734651,-8.874651,-9.074651,-9.074651,-8.564651,-8.064651,-7.724651,-7.324651,-7.254651,-7.1346507,-6.8646507,-6.8846507,-6.754651,-6.784651,-6.734651,-6.484651,-6.454651,-6.334651,-6.354651,-6.314651,-6.554651,-6.754651,-6.564651,-6.484651,-6.214651,-6.204651,-5.784651,-5.274651,-4.3446507,-4.6946507,-4.744651,-5.184651,-6.144651,-2.884651,-0.02465088,-0.16465087,0.7253491
-7.604651,-8.14465,-8.124651,-7.714651,-7.494651,-7.204651,-6.984651,-6.984651,-7.1746507,-7.1346507,-7.1346507,-7.234651,-7.3646507,-7.524651,-7.754651,-8.054651,-8.444651,-8.654651,-8.694651,-8.624651,-8.804651,-9.064651,-9.224651,-9.264651,-9.204651,-8.904651,-8.524651,-8.214651,-7.754651,-7.534651,-7.5946507,-7.684651,-7.684651,-7.624651,-7.414651,-7.454651,-7.604651,-7.494651,-7.304651,-7.0946507,-7.124651,-6.974651,-6.914651,-6.9446507,-6.664651,-6.544651,-6.3446507,-6.454651,-5.834651,-5.204651,-4.754651,-4.954651,-4.714651,-5.274651,-5.1746507,-5.454651,-2.7246509,-0.14465088
-7.714651,-7.274651,-7.854651,-7.664651,-7.4446507,-7.274651,-7.264651,-6.724651,-6.504651,-6.234651,-6.254651,-6.894651,-7.214651,-7.464651,-7.8446507,-8.254651,-8.664651,-8.774651,-8.68465,-8.43465,-8.444651,-8.714651,-8.824651,-8.774651,-8.754651,-8.814651,-8.744651,-8.584651,-8.454651,-8.3546505,-8.114651,-8.544651,-8.704651,-8.564651,-8.274651,-7.9446507,-7.894651,-7.784651,-7.734651,-7.394651,-7.504651,-7.4246507,-6.984651,-6.584651,-6.624651,-6.484651,-6.274651,-6.104651,-6.304651,-5.584651,-5.274651,-4.624651,-4.584651,-4.224651,-4.484651,-4.644651,-4.914651,-3.374651
-8.034651,-7.564651,-6.9446507,-6.814651,-6.754651,-6.234651,-5.894651,-6.034651,-5.684651,-5.514651,-5.184651,-5.374651,-6.044651,-6.6746507,-7.244651,-7.524651,-7.774651,-8.094651,-7.974651,-7.734651,-7.484651,-7.624651,-7.574651,-7.9246507,-7.9446507,-7.964651,-7.9046507,-7.9046507,-7.534651,-7.3846507,-7.8646507,-7.994651,-7.984651,-8.244651,-8.234651,-8.054651,-7.584651,-7.394651,-7.254651,-7.184651,-7.1146507,-6.934651,-6.6146507,-6.454651,-5.974651,-5.994651,-5.984651,-5.824651,-5.6346507,-5.6546507,-5.1546507,-4.564651,-4.494651,-4.1546507,-2.9746509,-3.144651,-3.404651,-1.9146509
-8.134651,-8.214651,-8.284651,-8.044651,-8.254651,-7.544651,-4.814651,-5.0946507,-4.414651,-3.134651,-3.9646509,-3.2046509,-5.514651,-7.284651,-7.4446507,-7.3646507,-7.474651,-7.724651,-8.094651,-7.834651,-6.834651,-7.374651,-6.974651,-7.6146507,-7.454651,-7.6946507,-7.304651,-6.9246507,-6.6146507,-7.014651,-7.1746507,-7.334651,-7.064651,-6.874651,-6.934651,-7.034651,-6.734651,-6.4246507,-6.514651,-6.6146507,-6.724651,-6.644651,-6.4246507,-6.224651,-5.754651,-5.534651,-5.504651,-5.604651,-5.234651,-5.144651,-4.894651,-4.564651,-4.354651,-4.014651,-2.944651,-2.0646508,-2.2546508,-1.5446509
-8.194651,-8.024651,-8.154651,-8.794651,-8.624651,-8.624651,-7.964651,-6.814651,-5.484651,-3.444651,-1.2446508,-2.584651,-6.504651,-7.124651,-6.974651,-7.484651,-8.444651,-8.384651,-9.014651,-9.39465,-8.964651,-8.494651,-7.534651,-7.074651,-7.9446507,-7.754651,-7.414651,-7.394651,-7.984651,-7.804651,-7.374651,-7.0946507,-6.604651,-5.854651,-7.454651,-6.8646507,-6.304651,-5.9246507,-5.734651,-5.9046507,-5.774651,-6.294651,-6.414651,-6.124651,-5.9246507,-5.814651,-5.6546507,-5.474651,-5.394651,-4.894651,-4.374651,-4.224651,-3.604651,-3.5646508,-2.8246508,-1.5346509,-1.0146508,-0.42465088
-7.014651,-7.294651,-8.164651,-8.534651,-8.724651,-8.534651,-7.984651,-7.164651,-6.454651,-6.214651,-5.434651,-6.334651,-6.9046507,-8.424651,-9.234651,-9.834651,-9.414651,-9.3546505,-8.974651,-8.8546505,-8.584651,-8.334651,-8.324651,-8.224651,-8.044651,-7.664651,-7.334651,-7.0946507,-7.644651,-7.6346507,-7.264651,-6.854651,-6.3446507,-5.834651,-6.544651,-6.564651,-6.254651,-5.9246507,-5.624651,-5.3446507,-5.474651,-5.5946507,-5.994651,-5.854651,-5.784651,-5.804651,-5.744651,-5.284651,-5.044651,-4.714651,-4.4046507,-4.104651,-3.3046508,-2.874651,-2.3246508,-1.0546509,0.21534912,1.4553491
-6.564651,-6.524651,-7.964651,-8.43465,-8.424651,-7.894651,-7.584651,-7.3446507,-6.9446507,-7.144651,-7.704651,-7.624651,-8.204651,-9.204651,-9.844651,-9.89465,-8.994651,-8.884651,-8.454651,-8.384651,-8.214651,-7.994651,-7.544651,-7.554651,-7.534651,-7.324651,-7.124651,-6.914651,-7.1946507,-6.934651,-6.604651,-6.1346507,-5.604651,-5.574651,-5.724651,-6.354651,-5.584651,-5.224651,-5.084651,-4.894651,-5.124651,-5.334651,-5.574651,-5.504651,-5.794651,-5.774651,-5.334651,-5.144651,-4.714651,-4.354651,-4.394651,-3.894651,-3.5146508,-2.5646508,-1.5846509,-0.60465086,0.7253491,1.6753491
-5.734651,-6.184651,-7.724651,-8.134651,-8.244651,-7.524651,-7.3646507,-7.264651,-7.704651,-8.324651,-8.464651,-9.084651,-9.89465,-9.39465,-9.884651,-9.274651,-8.674651,-8.554651,-7.9246507,-7.974651,-7.8846507,-7.494651,-6.754651,-6.514651,-6.8846507,-7.284651,-7.294651,-6.974651,-6.234651,-6.1746507,-5.954651,-6.1946507,-5.254651,-4.914651,-4.964651,-4.814651,-4.274651,-4.004651,-4.164651,-4.264651,-4.684651,-4.744651,-4.8646507,-5.284651,-5.6946507,-5.374651,-5.014651,-4.4446507,-4.1146507,-4.1146507,-3.884651,-3.7146509,-3.0346508,-2.2646508,-1.2646508,-0.23465088,1.1053491,3.125349
-5.664651,-5.914651,-7.204651,-7.824651,-7.734651,-7.324651,-7.274651,-7.244651,-7.834651,-8.964651,-9.544651,-9.654651,-10.18465,-10.034651,-9.814651,-8.964651,-8.874651,-7.984651,-7.6146507,-7.524651,-7.8446507,-7.854651,-8.044651,-7.214651,-5.984651,-6.6746507,-6.814651,-6.254651,-5.874651,-5.554651,-5.044651,-5.164651,-4.314651,-3.874651,-3.674651,-3.624651,-3.2846508,-3.4946508,-3.424651,-3.394651,-3.844651,-4.324651,-4.494651,-4.584651,-4.894651,-4.434651,-4.084651,-4.004651,-3.944651,-3.414651,-3.384651,-3.0646508,-2.694651,-2.124651,-0.6946509,-0.074650876,1.0553491,4.495349
-6.974651,-6.804651,-7.5946507,-8.154651,-7.5946507,-7.244651,-7.0946507,-6.984651,-6.824651,-7.994651,-8.89465,-9.474651,-9.924651,-9.914651,-9.864651,-9.404651,-9.124651,-9.154651,-7.314651,-6.414651,-6.584651,-6.734651,-7.394651,-7.454651,-7.274651,-7.334651,-6.9246507,-6.064651,-5.144651,-4.414651,-3.7346509,-3.5546508,-3.3146508,-3.364651,-2.864651,-2.104651,-2.694651,-3.174651,-2.9846509,-2.664651,-2.854651,-3.0646508,-3.8146508,-3.7746508,-4.624651,-3.7546508,-3.594651,-3.5746508,-3.4546509,-2.864651,-2.834651,-2.404651,-2.094651,-1.5746509,-0.4146509,-0.15465088,1.6653491,3.315349
-8.174651,-8.724651,-8.664651,-7.914651,-7.524651,-7.144651,-6.684651,-6.1146507,-6.4446507,-7.3646507,-8.1046505,-9.124651,-9.924651,-9.844651,-9.514651,-9.284651,-9.474651,-8.8546505,-7.984651,-7.264651,-6.034651,-5.874651,-6.034651,-6.854651,-6.3646507,-5.464651,-4.874651,-4.434651,-3.8146508,-3.084651,-2.594651,-2.8246508,-1.6046509,-2.194651,-2.7346509,-2.5446508,-1.9946508,-2.384651,-2.5446508,-2.9946508,-2.684651,-2.674651,-3.404651,-3.694651,-3.844651,-3.094651,-2.614651,-2.634651,-2.594651,-2.334651,-2.174651,-1.9546509,-1.4646509,-1.0046508,-0.5646509,0.04534912,2.0053492,2.9753492
-7.554651,-7.0946507,-7.264651,-7.1746507,-6.974651,-6.9246507,-6.454651,-5.6346507,-5.544651,-6.1346507,-7.564651,-8.64465,-9.244651,-8.764651,-7.8646507,-7.584651,-7.4046507,-7.414651,-7.204651,-6.854651,-6.704651,-6.484651,-6.244651,-5.744651,-4.794651,-3.914651,-3.2146509,-3.2446508,-3.2746508,-2.934651,-2.694651,-1.6146508,-0.8946509,-0.39465088,-1.1846509,-2.0346508,-1.7846509,-1.1146508,-1.0846509,-2.2146509,-2.0246508,-2.114651,-2.9846509,-3.7246509,-3.2146509,-2.334651,-1.6646509,-1.7846509,-1.8946509,-1.6246508,-1.4746509,-1.3346509,-1.1546509,-0.90465087,-0.91465086,0.11534912,2.095349,1.6153492
-6.124651,-6.144651,-5.474651,-5.504651,-5.474651,-5.874651,-5.954651,-6.074651,-5.3646507,-5.644651,-7.814651,-8.43465,-8.124651,-7.354651,-6.814651,-6.514651,-6.524651,-6.354651,-5.954651,-5.464651,-5.354651,-5.4446507,-5.3446507,-4.954651,-4.204651,-3.344651,-2.9546509,-3.084651,-2.7546508,-2.0146508,-1.5446509,-0.90465087,-1.2946509,1.7853491,1.0953491,0.48534912,0.4653491,0.4953491,0.7553491,0.6053491,-0.8146509,-1.3846508,-2.664651,-3.374651,-2.634651,-1.8046509,-1.1746509,-2.124651,-1.7946509,-1.7146509,-1.0946509,-0.78465086,-0.5846509,-0.6146509,-0.4446509,0.005349121,1.1853491,0.22534913
-4.204651,-4.994651,-5.794651,-4.544651,-4.014651,-4.324651,-4.794651,-5.854651,-5.794651,-6.534651,-6.8846507,-7.3846507,-6.754651,-6.274651,-6.1946507,-6.064651,-6.214651,-5.814651,-4.774651,-4.354651,-4.254651,-3.7546508,-3.0646508,-4.1346507,-5.414651,-5.1146507,-4.6146507,-4.814651,-3.404651,-2.4946508,-2.144651,-0.90465087,0.28534913,0.13534912,3.5353491,4.015349,2.5153491,1.4053491,1.2853491,2.355349,0.35534912,-0.14465088,-3.644651,-3.2746508,-2.2546508,-1.3846508,-1.3846508,-1.8346509,-1.7746509,-1.3846508,-0.98465085,-0.4746509,-0.114650875,-0.06465088,0.03534912,0.51534915,2.885349,1.1253492
-2.884651,-3.864651,-4.544651,-4.534651,-5.024651,-3.414651,-3.2446508,-4.054651,-4.874651,-4.894651,-5.204651,-5.5946507,-5.1146507,-4.704651,-5.254651,-6.124651,-6.874651,-8.034651,-8.864651,-8.764651,-8.674651,-8.244651,-8.064651,-7.534651,-6.624651,-5.714651,-5.644651,-5.144651,-4.774651,-4.4446507,-3.924651,-3.184651,-1.7646508,1.1853491,2.2253492,2.885349,5.0753493,3.9753492,2.365349,1.7153491,1.2353492,-1.5446509,-2.7646508,-2.654651,-1.8946509,-1.1446509,-0.9246509,-0.7546509,-0.8846509,-1.0646509,-0.85465086,-0.02465088,0.58534914,0.7453491,0.6153491,0.9153491,1.5453491,-1.5246509
-0.9346509,-0.8646509,-1.8146509,-2.434651,-2.7646508,-3.674651,-3.7246509,-2.354651,-2.5746508,-2.634651,-3.8146508,-3.7546508,-4.244651,-5.324651,-6.354651,-5.9046507,-6.034651,-6.514651,-6.6346507,-6.794651,-7.084651,-6.774651,-6.074651,-5.164651,-4.6546507,-4.6146507,-4.504651,-4.324651,-4.1346507,-3.7846508,-3.164651,-2.3146508,-2.0446508,-1.6846509,-0.8746509,2.4953492,5.3053493,5.755349,4.085349,2.7953491,2.7753491,1.6953491,-0.7546509,-0.8046509,-0.49465087,-1.0546509,-1.2146509,-0.4146509,0.10534912,-0.8946509,-0.48465088,0.6153491,1.3353491,1.6253492,1.6053491,1.4353491,1.1253492,0.17534912
-1.5846509,-1.8146509,-0.8846509,-0.27465087,-0.6246509,-0.49465087,-0.7546509,-1.0246509,-1.6046509,-2.3246508,-3.414651,-4.1346507,-4.704651,-4.1946507,-3.434651,-3.154651,-3.3146508,-3.9746509,-4.4246507,-4.304651,-4.504651,-4.214651,-4.324651,-4.1346507,-4.244651,-4.4046507,-4.324651,-4.204651,-3.904651,-3.7346509,-3.0346508,-2.7346509,-2.5446508,-1.2846509,-0.0046508787,-0.8946509,1.1253492,5.265349,5.515349,4.745349,3.6953492,4.085349,0.8853491,1.8253491,2.2353492,1.3953491,-0.60465086,-0.30465087,0.51534915,0.14534912,0.17534912,1.5453491,1.9853492,2.2453492,2.2453492,2.2253492,2.115349,1.4753491
0.58534914,-0.20465088,-0.7646509,-0.9446509,-0.91465086,-1.5146508,-2.0646508,-1.2446508,-1.2446508,-2.884651,-3.7046509,-3.4546509,-2.4546509,-1.8446509,-1.4446509,-1.5546509,-1.9646509,-2.3246508,-2.8046508,-3.184651,-3.914651,-3.924651,-4.484651,-4.284651,-3.9946508,-3.7046509,-4.034651,-3.834651,-3.5246508,-3.434651,-2.7546508,-2.584651,-2.694651,-1.7846509,-0.8346509,-0.7546509,-1.1546509,1.5453491,5.205349,5.065349,4.295349,4.355349,2.6853492,3.2753491,4.375349,2.625349,1.4553491,-0.02465088,0.95534915,0.23534912,0.4653491,1.4153491,1.7053491,2.335349,2.845349,2.855349,1.2553492,1.0253491
2.315349,1.8553491,2.2453492,2.9853492,2.1853492,0.90534914,-0.7646509,-0.32465088,-1.1546509,-1.4746509,-1.0146508,-0.65465087,-0.15465088,-0.23465088,-0.18465088,-0.6846509,-1.0546509,-1.0446509,-1.5346509,-3.7346509,-3.8046508,-3.4546509,-3.2846508,-3.2646508,-3.2046509,-3.4946508,-3.424651,-3.2546508,-2.874651,-3.174651,-2.8246508,-2.5646508,-2.0446508,-1.3846508,-1.2146509,-0.84465086,-0.5246509,-1.6146508,1.0253491,3.415349,3.1953492,2.855349,2.7453492,3.4953492,3.375349,3.365349,3.385349,1.4953492,2.7753491,1.5753491,1.0053492,0.8053491,1.1053491,1.8353491,2.7453492,3.335349,-0.02465088,-0.7746509
3.4453492,3.4953492,4.085349,4.5753493,5.3453493,4.0953493,1.8253491,3.595349,3.575349,2.7353492,1.2753491,1.7853491,1.2653491,1.0853491,0.8753491,0.76534915,-0.7546509,-0.5746509,-2.0746508,-1.6146508,-1.1846509,-1.8046509,-1.6846509,-1.4546509,-1.5946509,-1.6546509,-1.5346509,-1.6146508,-1.3446509,-2.334651,-2.154651,-2.164651,-1.7246509,-1.1546509,-0.65465087,-1.4446509,-1.1446509,-1.5746509,-2.5146508,-1.2446508,4.035349,3.9753492,4.285349,3.5353491,2.4653492,2.5053492,2.115349,2.7053492,3.365349,1.7953491,1.1953491,0.5653491,0.53534913,1.0453491,2.065349,1.1653491,1.4853492,-1.4246509
3.915349,4.225349,4.525349,4.665349,5.245349,6.145349,4.425349,4.985349,4.985349,3.085349,3.0253491,3.305349,2.555349,2.605349,2.165349,2.2453492,1.2453492,1.5753491,0.76534915,0.38534912,0.8853491,0.84534913,0.9453491,1.1853491,1.0853491,0.78534913,0.65534914,-0.15465088,-0.30465087,-0.27465087,-0.79465085,-1.2946509,-0.7046509,-0.71465087,-0.48465088,-0.3846509,-0.8846509,-0.96465087,-1.5046508,-1.4946508,-1.4446509,5.165349,4.5953493,4.765349,4.285349,3.665349,3.5053492,4.085349,1.4353491,1.6653491,1.6053491,1.0553491,0.65534914,0.24534912,1.0953491,-0.7546509,-1.2446508,1.5253491
4.015349,3.5353491,4.195349,4.605349,4.565349,4.6553493,4.985349,5.205349,4.795349,4.875349,4.3653493,4.265349,4.525349,4.205349,4.3853493,3.6853492,4.0753493,3.575349,3.2653491,2.5453491,2.625349,2.4653492,2.805349,3.405349,2.155349,1.5253491,1.1053491,0.6953491,0.70534915,0.48534912,0.96534914,-0.04465088,0.9253491,0.8253491,0.6153491,0.53534913,0.2753491,-0.12465088,-0.6246509,-1.1546509,-1.2746509,-1.5546509,4.445349,3.4953492,3.7053492,3.915349,3.835349,3.905349,1.6753491,2.2253492,2.565349,2.315349,1.6953491,0.5053491,0.53534913,0.2753491,-1.3746508,1.2753491
3.105349,2.5153491,3.895349,4.895349,5.3253493,5.245349,5.355349,5.3453493,5.525349,5.8053493,6.065349,6.1553493,6.545349,6.215349,5.985349,5.5753493,5.0953493,4.895349,4.295349,3.4453492,3.7553492,3.875349,3.825349,4.195349,3.355349,3.0453491,2.805349,2.665349,2.9353492,2.7353492,2.7753491,2.865349,2.7253492,2.2953491,2.065349,1.7053491,1.4853492,0.89534914,0.2753491,-0.05465088,-0.4446509,0.07534912,-1.4046509,4.725349,4.475349,3.645349,3.2353492,3.055349,2.2953491,2.825349,3.2453492,2.895349,1.9553491,0.6353491,0.16534913,-0.72465086,-1.5746509,0.34534913
