demo/wind_global_250mb_2019050618.json
{"header": {"discipline":0,"disciplineName":"Meteorological products","gribEdition":2,"gribLength":43157,"center":7,"centerName":"US National Weather Service - NCEP(WMC)","subcenter":0,"refTime":"2019-05-06T18:00:00.000Z","significanceOfRT":1,"significanceOfRTName":"Start of forecast","productStatus":0,"productStatusName":"Operational products","productType":1,"productTypeName":"Forecast products","productDefinitionTemplate":0,"productDefinitionTemplateName":"Analysis/forecast at horizontal level/layer at a point in time","parameterCategory":2,"parameterCategoryName":"Momentum","parameterNumber":2,"parameterNumberName":"U-component_of_wind","parameterUnit":"m.s-1","genProcessType":2,"genProcessTypeName":"Forecast","forecastTime":0,"surface1Type":100,"surface1TypeName":"Isobaric surface","surface1Value":25000.0,"surface2Type":255,"surface2TypeName":"Missing","surface2Value":0.0,"gridDefinitionTemplate":0,"gridDefinitionTemplateName":"Latitude_Longitude","numberPoints":65160,"shape":6,"shapeName":"Earth spherical with radius of 6,371,229.0 m","gridUnits":"degrees","resolution":48,"winds":"true","scanMode":0,"nx":360,"ny":181,"basicAngle":0,"lo1":0.0,"la1":90.0,"lo2":359.0,"la2":-90.0,"dx":1.0,"dy":1.0}, "data":
[rows 0 to 25 of 181, columns 118 to 176 of 360]
-11.970102,-11.970102,-11.970102,-11.970102,-11.970102,-11.970102,-11.970102,-11.870102,-11.870102,-11.870102,-11.770102,-11.770102,-11.770102,-11.670102,-11.670102,-11.570102,-11.470102,-11.470102,-11.370102,-11.370102,-11.270102,-11.170102,-11.070102,-11.070102,-10.970102,-10.870102,-10.770102,-10.670102,-10.570102,-10.470102,-10.370102,-10.270102,-10.170102,-10.070102,-9.970102,-9.770102,-9.670102,-9.570102,-9.470102,-9.270102,-9.170102,-9.070102,-8.870102,-8.770102,-8.570102,-8.470102,-8.270102,-8.170102,-7.970102,-7.870102,-7.670102,-7.5701017,-7.370102,-7.170102,-7.0701017,-6.870102,-6.670102,-6.470102,-6.370102
-13.870102,-13.770102,-13.670102,-13.570102,-13.470102,-13.370102,-13.270102,-13.170102,-12.970102,-12.870102,-12.770102,-12.670102,-12.470102,-12.370102,-12.270102,-12.170102,-11.970102,-11.870102,-11.770102,-11.570102,-11.470102,-11.370102,-11.170102,-11.070102,-10.970102,-10.770102,-10.670102,-10.570102,-10.370102,-10.270102,-10.070102,-9.970102,-9.870102,-9.670102,-9.470102,-9.370102,-9.270102,-9.070102,-8.970102,-8.770102,-8.670102,-8.470102,-8.370102,-8.170102,-8.070102,-7.870102,-7.770102,-7.670102,-7.470102,-7.370102,-7.170102,-7.0701017,-6.870102,-6.770102,-6.5701017,-6.470102,-6.270102,-6.170102,-5.970102
-14.270102,-14.170102,-13.970102,-13.870102,-13.670102,-13.570102,-13.370102,-13.270102,-13.070102,-12.970102,-12.770102,-12.670102,-12.470102,-12.370102,-12.170102,-11.970102,-11.870102,-11.670102,-11.570102,-11.370102,-11.270102,-11.070102,-10.870102,-10.770102,-10.570102,-10.370102,-10.270102,-10.070102,-9.970102,-9.770102,-9.570102,-9.470102,-9.270102,-9.070102,-8.870102,-8.770102,-8.570102,-8.370102,-8.170102,-8.070102,-7.870102,-7.670102,-7.5701017,-7.370102,-7.270102,-7.0701017,-6.870102,-6.770102,-6.670102,-6.470102,-6.370102,-6.170102,-6.0701017,-5.970102,-5.870102,-5.770102,-5.5701017,-5.470102,-5.370102
-14.870102,-14.770102,-14.470102,-14.270102,-14.070102,-13.870102,-13.670102,-13.370102,-13.170102,-12.870102,-12.670102,-12.370102,-12.170102,-11.970102,-11.670102,-11.470102,-11.170102,-10.970102,-10.670102,-10.470102,-10.270102,-9.970102,-9.770102,-9.570102,-9.370102,-9.170102,-9.070102,-8.870102,-8.670102,-8.570102,-8.370102,-8.270102,-8.170102,-8.070102,-7.970102,-7.870102,-7.770102,-7.670102,-7.5701017,-7.470102,-7.370102,-7.270102,-7.0701017,-6.970102,-6.870102,-6.770102,-6.5701017,-6.470102,-6.370102,-6.170102,-6.0701017,-5.970102,-5.770102,-5.670102,-5.5701017,-5.370102,-5.270102,-5.170102,-5.0701017
-13.670102,-13.470102,-13.270102,-13.070102,-12.870102,-12.670102,-12.470102,-12.370102,-12.170102,-12.070102,-11.870102,-11.770102,-11.570102,-11.470102,-11.270102,-11.170102,-11.070102,-10.870102,-10.670102,-10.570102,-10.370102,-10.170102,-9.970102,-9.770102,-9.570102,-9.370102,-9.070102,-8.870102,-8.670102,-8.470102,-8.270102,-8.070102,-7.870102,-7.670102,-7.470102,-7.370102,-7.170102,-7.0701017,-6.970102,-6.870102,-6.770102,-6.670102,-6.5701017,-6.470102,-6.470102,-6.370102,-6.370102,-6.270102,-6.270102,-6.170102,-6.170102,-6.0701017,-6.0701017,-5.970102,-5.870102,-5.770102,-5.670102,-5.470102,-5.370102
-11.670102,-11.470102,-11.370102,-11.170102,-11.070102,-10.870102,-10.770102,-10.570102,-10.470102,-10.370102,-10.170102,-10.070102,-9.970102,-9.770102,-9.670102,-9.570102,-9.370102,-9.270102,-9.170102,-9.070102,-8.970102,-8.870102,-8.770102,-8.670102,-8.670102,-8.570102,-8.470102,-8.470102,-8.370102,-8.270102,-8.070102,-7.970102,-7.870102,-7.670102,-7.470102,-7.370102,-7.170102,-7.0701017,-6.870102,-6.770102,-6.670102,-6.5701017,-6.470102,-6.370102,-6.270102,-6.270102,-6.170102,-6.170102,-6.170102,-6.170102,-6.170102,-6.170102,-6.170102,-6.170102,-6.170102,-6.170102,-6.0701017,-6.0701017,-5.970102
-9.470102,-9.370102,-9.270102,-9.070102,-8.970102,-8.870102,-8.670102,-8.570102,-8.470102,-8.370102,-8.270102,-8.170102,-8.070102,-7.970102,-7.870102,-7.770102,-7.670102,-7.670102,-7.5701017,-7.470102,-7.370102,-7.370102,-7.270102,-7.170102,-7.0701017,-6.970102,-6.870102,-6.870102,-6.770102,-6.770102,-6.770102,-6.770102,-6.870102,-6.870102,-6.870102,-6.770102,-6.770102,-6.670102,-6.5701017,-6.470102,-6.270102,-6.170102,-6.0701017,-5.970102,-5.970102,-5.870102,-5.870102,-5.770102,-5.770102,-5.770102,-5.770102,-5.770102,-5.870102,-5.870102,-5.870102,-5.870102,-5.870102,-5.970102,-5.970102
-7.5701017,-7.370102,-7.170102,-6.970102,-6.770102,-6.670102,-6.470102,-6.370102,-6.170102,-6.0701017,-5.970102,-5.870102,-5.770102,-5.770102,-5.670102,-5.670102,-5.5701017,-5.5701017,-5.5701017,-5.470102,-5.470102,-5.370102,-5.370102,-5.370102,-5.370102,-5.270102,-5.270102,-5.270102,-5.270102,-5.170102,-5.170102,-5.0701017,-5.0701017,-5.0701017,-5.0701017,-5.0701017,-5.170102,-5.170102,-5.270102,-5.370102,-5.370102,-5.370102,-5.270102,-5.170102,-5.0701017,-4.970102,-4.870102,-4.870102,-4.770102,-4.670102,-4.670102,-4.670102,-4.670102,-4.670102,-4.770102,-4.770102,-4.870102,-4.870102,-4.970102
-7.0701017,-6.870102,-6.670102,-6.5701017,-6.270102,-6.0701017,-5.870102,-5.670102,-5.370102,-5.170102,-4.970102,-4.670102,-4.470102,-4.270102,-4.0701017,-3.870102,-3.670102,-3.4701018,-3.270102,-3.170102,-3.170102,-3.170102,-3.170102,-3.170102,-3.170102,-3.170102,-3.270102,-3.270102,-3.270102,-3.370102,-3.370102,-3.370102,-3.4701018,-3.4701018,-3.4701018,-3.4701018,-3.570102,-3.570102,-3.570102,-3.570102,-3.570102,-3.670102,-3.670102,-3.770102,-3.870102,-3.9701018,-3.9701018,-3.9701018,-3.870102,-3.770102,-3.670102,-3.570102,-3.370102,-3.270102,-3.270102,-3.170102,-3.170102,-3.170102,-3.170102
-6.970102,-6.970102,-6.870102,-6.670102,-6.470102,-6.370102,-6.0701017,-5.870102,-5.5701017,-5.370102,-5.0701017,-4.670102,-4.470102,-4.0701017,-3.770102,-3.4701018,-3.170102,-2.870102,-2.570102,-2.270102,-1.970102,-1.6701019,-1.470102,-1.1701019,-0.97010195,-0.8701019,-0.7701019,-0.7701019,-0.8701019,-0.97010195,-1.070102,-1.2701019,-1.3701019,-1.570102,-1.6701019,-1.7701019,-1.8701019,-1.970102,-2.070102,-2.170102,-2.170102,-2.270102,-2.270102,-2.170102,-2.170102,-2.270102,-2.370102,-2.4701018,-2.570102,-2.670102,-2.670102,-2.670102,-2.670102,-2.4701018,-2.370102,-2.270102,-2.170102,-2.070102,-1.8701019
-6.970102,-6.870102,-6.770102,-6.5701017,-6.370102,-6.170102,-5.870102,-5.670102,-5.270102,-4.970102,-4.670102,-4.270102,-3.9701018,-3.570102,-3.170102,-2.670102,-2.270102,-1.8701019,-1.3701019,-0.8701019,-0.47010192,-0.17010193,0.12989807,0.42989808,0.6298981,0.7298981,0.82989806,0.9298981,1.029898,1.1298981,1.1298981,1.1298981,1.029898,0.9298981,0.6298981,0.42989808,0.12989807,-0.07010193,-0.27010193,-0.47010192,-0.67010194,-0.8701019,-1.070102,-1.1701019,-1.2701019,-1.2701019,-1.2701019,-1.1701019,-1.1701019,-1.2701019,-1.3701019,-1.570102,-1.6701019,-1.7701019,-1.7701019,-1.7701019,-1.7701019,-1.6701019,-1.6701019
-7.170102,-7.0701017,-6.970102,-6.770102,-6.5701017,-6.270102,-5.970102,-5.670102,-5.270102,-4.970102,-4.470102,-4.0701017,-3.570102,-3.170102,-2.670102,-2.170102,-1.6701019,-1.1701019,-0.67010194,-0.17010193,0.32989806,0.82989806,1.2298981,1.6298981,2.0298982,2.429898,2.829898,3.0298982,3.229898,3.229898,3.229898,3.129898,3.0298982,2.929898,2.829898,2.629898,2.429898,2.129898,1.8298981,1.429898,1.1298981,0.7298981,0.52989805,0.22989807,-0.07010193,-0.37010193,-0.47010192,-0.5701019,-0.5701019,-0.5701019,-0.67010194,-0.7701019,-0.8701019,-1.070102,-1.1701019,-1.2701019,-1.3701019,-1.470102,-1.570102
-7.5701017,-7.5701017,-7.270102,-7.0701017,-6.670102,-6.370102,-5.970102,-5.670102,-5.270102,-4.970102,-4.670102,-4.270102,-3.870102,-3.370102,-2.870102,-2.170102,-1.570102,-0.8701019,-0.37010193,0.12989807,0.52989805,0.82989806,1.1298981,1.429898,1.7298981,2.0298982,2.429898,2.829898,3.229898,3.729898,4.129898,4.4298983,4.629898,4.729898,4.729898,4.629898,4.4298983,4.129898,3.829898,3.429898,3.0298982,2.5298982,2.0298982,1.529898,1.1298981,0.7298981,0.32989806,0.029898072,-0.27010193,-0.37010193,-0.5701019,-0.67010194,-0.8701019,-1.070102,-1.1701019,-1.3701019,-1.470102,-1.570102,-1.6701019
-6.670102,-6.5701017,-6.470102,-6.170102,-5.970102,-5.670102,-5.370102,-5.0701017,-4.770102,-4.5701017,-4.370102,-4.170102,-3.770102,-3.370102,-2.770102,-2.170102,-1.570102,-0.97010195,-0.5701019,-0.07010193,0.32989806,0.9298981,1.429898,1.929898,2.329898,2.729898,3.0298982,3.129898,3.329898,3.5298982,3.829898,4.229898,4.629898,5.029898,5.329898,5.529898,5.629898,5.629898,5.4298983,5.129898,4.629898,4.029898,3.5298982,2.829898,2.329898,1.7298981,1.029898,0.52989805,0.029898072,-0.27010193,-0.67010194,-0.8701019,-1.070102,-1.2701019,-1.470102,-1.6701019,-1.7701019,-1.7701019,-1.7701019
-5.5701017,-5.270102,-4.970102,-4.5701017,-4.470102,-4.370102,-4.370102,-4.470102,-4.470102,-4.470102,-4.370102,-4.170102,-3.870102,-3.4701018,-3.070102,-2.670102,-2.370102,-1.970102,-1.570102,-1.070102,-0.47010192,0.029898072,0.52989805,1.029898,1.529898,1.929898,2.329898,2.729898,3.0298982,3.429898,3.729898,4.029898,4.229898,4.529898,4.829898,5.229898,5.529898,5.829898,6.029898,6.029898,5.829898,5.529898,4.829898,4.129898,3.329898,2.629898,1.929898,1.2298981,0.6298981,0.029898072,-0.47010192,-0.7701019,-1.070102,-1.2701019,-1.470102,-1.6701019,-1.8701019,-1.8701019,-1.8701019
-4.470102,-4.270102,-4.0701017,-3.870102,-3.670102,-3.4701018,-3.4701018,-3.670102,-3.870102,-4.170102,-4.270102,-4.370102,-4.270102,-3.9701018,-3.770102,-3.770102,-3.870102,-3.770102,-3.570102,-3.070102,-2.670102,-2.170102,-1.6701019,-1.2701019,-0.7701019,-0.37010193,0.029898072,0.42989808,1.029898,1.6298981,2.129898,2.729898,3.329898,3.729898,4.229898,4.529898,4.829898,5.129898,5.4298983,5.729898,6.029898,6.129898,5.829898,5.329898,4.629898,3.729898,2.929898,2.129898,1.3298981,0.7298981,0.029898072,-0.37010193,-0.67010194,-0.8701019,-1.070102,-1.2701019,-1.3701019,-1.470102,-1.470102
-2.370102,-2.270102,-2.170102,-2.070102,-2.070102,-2.270102,-2.4701018,-2.670102,-3.070102,-3.570102,-4.0701017,-4.5701017,-4.770102,-4.770102,-4.770102,-5.0701017,-5.470102,-5.670102,-5.670102,-5.370102,-4.970102,-4.470102,-3.9701018,-3.570102,-2.9701018,-2.4701018,-1.8701019,-1.070102,-0.17010193,0.7298981,1.6298981,2.429898,3.229898,3.729898,4.329898,4.629898,5.029898,5.229898,5.4298983,5.4298983,5.529898,5.829898,5.9298983,5.9298983,5.529898,4.729898,3.829898,3.129898,2.329898,1.529898,0.9298981,0.22989807,-0.27010193,-0.67010194,-0.8701019,-1.070102,-1.070102,-1.1701019,-1.1701019
-0.67010194,-0.5701019,-0.47010192,-0.47010192,-0.37010193,-0.27010193,-0.47010192,-0.97010195,-1.470102,-2.070102,-2.870102,-3.670102,-4.370102,-4.770102,-4.970102,-5.370102,-5.970102,-6.370102,-6.470102,-6.370102,-6.270102,-6.0701017,-5.770102,-5.370102,-4.870102,-4.170102,-3.370102,-2.570102,-1.7701019,-0.97010195,-0.07010193,0.82989806,1.8298981,2.729898,3.429898,4.229898,4.729898,5.129898,5.4298983,5.629898,5.629898,5.529898,5.529898,5.729898,5.829898,5.4298983,4.729898,3.829898,3.129898,2.429898,1.529898,0.82989806,0.12989807,-0.37010193,-0.8701019,-1.2701019,-1.6701019,-1.8701019,-2.070102
1.3298981,1.529898,1.8298981,1.8298981,1.7298981,1.6298981,1.6298981,1.429898,0.7298981,-0.07010193,-0.97010195,-1.970102,-3.170102,-4.0701017,-4.470102,-4.870102,-5.370102,-5.470102,-5.670102,-5.870102,-6.170102,-6.270102,-6.0701017,-5.870102,-5.670102,-5.170102,-4.470102,-3.670102,-2.770102,-2.170102,-1.570102,-0.97010195,-0.17010193,0.6298981,1.529898,2.429898,3.229898,4.129898,4.629898,5.129898,5.4298983,5.529898,5.4298983,5.4298983,5.529898,5.629898,5.4298983,4.829898,4.129898,3.329898,2.329898,1.2298981,0.42989808,-0.27010193,-0.97010195,-1.470102,-1.970102,-2.370102,-2.770102
2.5298982,2.729898,2.829898,3.129898,3.5298982,3.629898,3.229898,2.829898,2.5298982,1.7298981,0.9298981,0.029898072,-0.7701019,-1.970102,-2.9701018,-3.670102,-3.870102,-4.270102,-4.5701017,-4.5701017,-4.470102,-4.470102,-4.770102,-5.370102,-5.670102,-5.370102,-4.670102,-3.870102,-3.170102,-2.570102,-2.070102,-1.6701019,-1.1701019,-0.5701019,0.029898072,0.82989806,1.7298981,2.5298982,3.429898,4.229898,4.9298983,5.329898,5.529898,5.529898,5.529898,5.629898,5.729898,5.529898,5.029898,4.329898,3.329898,2.0298982,0.82989806,-0.17010193,-0.97010195,-1.570102,-2.170102,-2.670102,-3.170102
3.129898,3.429898,3.5298982,3.329898,3.329898,3.129898,3.229898,3.0298982,3.0298982,2.929898,2.329898,1.529898,0.82989806,0.12989807,-0.8701019,-1.3701019,-1.8701019,-2.670102,-3.270102,-3.4701018,-3.270102,-2.9701018,-2.9701018,-2.870102,-2.870102,-3.070102,-3.070102,-2.770102,-2.4701018,-1.970102,-1.470102,-1.1701019,-1.070102,-1.070102,-0.8701019,-0.17010193,0.6298981,1.3298981,2.329898,3.129898,4.129898,4.9298983,5.529898,5.9298983,5.829898,5.829898,5.9298983,6.129898,5.9298983,5.4298983,4.329898,3.0298982,1.7298981,0.6298981,-0.5701019,-1.470102,-2.170102,-2.770102,-3.170102
2.729898,3.0298982,3.129898,3.0298982,2.729898,2.5298982,2.329898,2.5298982,2.729898,2.729898,2.329898,2.229898,1.929898,1.1298981,0.52989805,-0.07010193,-0.5701019,-0.67010194,-1.1701019,-1.570102,-1.970102,-1.6701019,-1.570102,-0.8701019,-0.97010195,-1.1701019,-0.97010195,-0.67010194,-0.5701019,-0.47010192,-0.27010193,-0.17010193,0.029898072,0.029898072,0.22989807,0.6298981,1.029898,1.429898,2.0298982,2.829898,3.729898,4.629898,5.329898,5.9298983,6.4298983,7.029898,6.629898,6.729898,6.729898,6.529898,5.629898,4.4298983,3.229898,1.929898,0.7298981,-0.47010192,-1.2701019,-1.970102,-2.570102
1.929898,2.329898,2.429898,2.129898,2.0298982,1.7298981,1.7298981,1.8298981,1.929898,2.329898,1.8298981,1.929898,1.8298981,1.3298981,1.029898,0.7298981,0.42989808,0.12989807,-0.37010193,-0.97010195,-1.1701019,-0.5701019,0.22989807,-0.07010193,0.32989806,1.2298981,1.7298981,1.7298981,1.929898,2.229898,2.329898,2.5298982,2.729898,3.129898,3.429898,3.5298982,3.629898,3.629898,3.429898,3.5298982,4.229898,5.029898,6.029898,6.529898,6.9298983,7.4298983,7.729898,7.529898,7.329898,6.9298983,6.4298983,6.129898,4.729898,3.729898,2.429898,1.2298981,0.029898072,-0.7701019,-1.470102
2.0298982,2.229898,2.429898,1.929898,1.529898,1.3298981,1.029898,1.2298981,1.529898,1.529898,1.7298981,2.129898,1.6298981,1.2298981,1.2298981,1.029898,0.82989806,0.52989805,0.42989808,0.52989805,0.32989806,0.12989807,0.22989807,2.129898,3.229898,3.429898,3.329898,4.329898,5.9298983,6.4298983,6.629898,7.129898,7.629898,7.829898,8.129898,8.329898,8.329898,8.229898,7.629898,6.9298983,6.329898,6.329898,6.829898,7.629898,8.129898,8.129898,8.429898,8.329898,8.229898,8.129898,7.729898,7.029898,5.829898,5.129898,4.229898,3.329898,2.0298982,0.9298981,0.029898072
2.829898,2.429898,2.329898,2.329898,1.8298981,1.3298981,1.2298981,1.1298981,1.529898,1.6298981,1.6298981,2.229898,2.329898,1.929898,1.3298981,1.029898,0.82989806,0.9298981,1.429898,1.929898,2.329898,2.5298982,3.629898,3.929898,4.529898,6.229898,7.829898,8.929898,9.529898,10.329898,11.229898,12.129898,12.329898,12.429898,12.629898,12.729898,12.829898,12.929898,12.629898,12.129898,11.129898,10.029898,9.029898,8.729898,9.029898,9.529898,9.629898,9.229898,9.129898,8.629898,8.229898,7.729898,7.029898,6.029898,4.9298983,4.129898,3.129898,2.429898,1.6298981
3.729898,3.5298982,3.129898,2.429898,2.129898,2.0298982,1.8298981,1.529898,1.7298981,2.0298982,2.0298982,2.5298982,2.829898,2.429898,2.329898,2.229898,1.8298981,1.8298981,1.929898,2.429898,3.629898,4.829898,5.9298983,7.129898,8.729898,9.129898,10.629898,11.629898,14.029898,15.129898,17.329899,16.729898,17.329899,17.029898,17.429897,18.029898,17.329899,16.429897,16.329899,16.129898,15.329898,14.129898,12.629898,10.729898,9.729898,9.829898,9.429898,8.929898,8.629898,8.129898,8.129898,7.529898,6.729898,5.829898,4.9298983,4.229898,3.5298982,3.0298982,2.329898
