demo/wind_global_250mb_2019050618.json
{"header": {"discipline":0,"disciplineName":"Meteorological products","gribEdition":2,"gribLength":74648,"center":7,"centerName":"US National Weather Service - NCEP(WMC)","subcenter":0,"refTime":"2019-05-06T18:00:00.000Z","significanceOfRT":1,"significanceOfRTName":"Start of forecast","productStatus":0,"productStatusName":"Operational products","productType":1,"productTypeName":"Forecast products","productDefinitionTemplate":0,"productDefinitionTemplateName":"Analysis/forecast at horizontal level/layer at a point in time","parameterCategory":2,"parameterCategoryName":"Momentum","parameterNumber":3,"parameterNumberName":"V-component_of_wind","parameterUnit":"m.s-1","genProcessType":2,"genProcessTypeName":"Forecast","forecastTime":0,"surface1Type":103,"surface1TypeName":"Specified height level above ground","surface1Value":10.0,"surface2Type":255,"surface2TypeName":"Missing","surface2Value":0.0,"gridDefinitionTemplate":0,"gridDefinitionTemplateName":"Latitude_Longitude","numberPoints":65160,"shape":6,"shapeName":"Earth spherical with radius of 6,371,229.0 m","gridUnits":"degrees","resolution":48,"winds":"true","scanMode":0,"nx":360,"ny":181,"basicAngle":0,"lo1":0.0,"la1":90.0,"lo2":359.0,"la2":-90.0,"dx":1.0,"dy":1.0}, "data":
[rows 104 to 129 of 181, columns 0 to 58 of 360]
4.965591,5.565591,5.5555906,6.3055906,6.4555907,6.485591,6.525591,6.465591,6.105591,6.125591,5.865591,4.755591,3.515591,-0.49440917,-1.2644092,-0.78440917,-0.03440918,0.64559084,0.35559082,-0.01440918,0.48559082,1.5155908,0.8055908,0.14559083,0.5555908,0.6655908,0.40559083,0.00559082,-0.46440917,0.58559084,0.07559082,1.0255908,2.735591,1.3855908,0.6955908,3.4555907,1.7155908,0.20559081,1.8655908,1.9155908,2.6155908,9.565591,6.695591,4.925591,4.445591,3.0555909,2.525591,1.8255908,-1.6044092,0.9755908,1.7555908,7.9555907,5.2255907,3.2255907,1.4155908,1.4855908,1.4055908,2.1155908,2.2955909
4.4355907,5.005591,5.405591,5.875591,6.635591,7.0555906,7.365591,7.395591,7.295591,7.215591,7.355591,6.4555907,2.5555909,0.3655908,-0.40440917,-1.2044091,-2.1044092,0.13559082,-0.7544092,-0.18440919,0.59559083,1.8755908,2.9055908,1.9355909,0.08559082,0.06559082,-0.11440918,-0.22440918,0.59559083,0.89559084,1.0455909,0.21559082,-0.08440918,0.46559083,0.70559084,1.5155908,2.9355907,1.6855909,2.1655908,2.525591,2.4455907,9.165591,7.565591,4.9555907,3.9355907,4.735591,2.3955908,3.5455909,2.2155907,-0.5644092,0.6955908,6.8255906,4.565591,2.7055907,1.7055908,0.95559084,1.1455908,1.7455908,2.6655908
3.9055908,4.295591,4.665591,5.5955906,6.2855906,6.915591,7.5755906,7.5355906,7.635591,7.9355907,8.065591,7.9355907,3.4655907,1.1255908,-1.1744092,0.4555908,0.47559083,0.9955908,1.4355909,-0.8044092,-1.3844092,-0.17440918,2.015591,2.505591,1.6355908,-1.0344092,0.96559083,1.5655909,-0.04440918,-1.2544092,0.37559083,-0.4444092,0.24559082,-0.14440918,0.46559083,0.3655908,1.0955908,1.2655908,1.5655909,1.7655908,2.525591,7.865591,7.155591,5.985591,4.925591,3.7155907,0.5055908,0.29559082,1.8855908,2.245591,6.925591,6.645591,2.9655907,1.5355908,0.52559084,0.7255908,0.7955908,0.83559084,1.5755908
3.4655907,3.8055909,3.9655907,4.585591,5.5555906,6.385591,7.065591,7.445591,7.755591,8.275591,9.25559,9.285591,2.285591,-1.0244092,1.3555908,1.4055908,1.2155908,0.18559082,-0.0044091796,0.64559084,0.21559082,0.48559082,1.4055908,1.6655908,1.9855908,1.1055908,0.5055908,-1.0144092,-0.4444092,-1.5644091,-1.6144092,-1.0444092,-0.6244092,0.8555908,1.9955908,0.5355908,0.6955908,1.5755908,1.5055908,4.855591,7.045591,7.385591,7.365591,6.275591,6.735591,2.755591,1.9655908,1.6255908,0.3355908,1.1355908,7.795591,6.665591,2.1655908,0.65559083,0.10559082,-0.28440917,0.09559082,0.59559083,1.1155908
2.5455909,3.2255907,3.765591,4.0555906,4.635591,5.465591,6.255591,7.085591,7.615591,7.565591,7.755591,8.565591,4.6855907,0.6155908,1.5555909,1.9555908,1.2955909,-0.02440918,1.0055908,1.2955909,0.29559082,0.58559084,1.0355908,0.9955908,2.015591,1.3455908,-1.1244092,-0.9944092,-1.3144091,1.3855908,0.03559082,-0.0044091796,1.0055908,1.5355908,1.1755909,1.5655909,1.5755908,4.145591,6.5155907,6.525591,6.865591,7.3055906,7.355591,7.105591,3.4555907,1.8155909,0.38559082,1.0555909,1.6555908,0.8755908,6.8455906,6.4755907,2.015591,-0.85440916,-1.5244092,-1.6044092,-1.0144092,0.14559083,1.2255908
1.8655908,2.3055909,2.8755908,3.3855908,3.765591,4.425591,5.635591,6.5355906,7.635591,7.885591,7.4355907,6.1855907,5.9355907,1.2955909,-0.65440917,-0.60440916,-0.8044092,-0.9644092,0.11559082,0.57559085,-1.2844092,-1.1344092,-1.2244092,1.0155908,0.95559084,0.01559082,-0.5044092,-0.28440917,0.9355908,1.8655908,2.9055908,2.1655908,0.03559082,0.16559082,0.35559082,0.7955908,4.135591,6.005591,6.525591,6.585591,6.8255906,7.645591,7.7655907,6.4555907,6.3455906,0.84559083,0.90559083,-0.04440918,0.48559082,0.7855908,5.4955907,5.695591,0.8155908,-1.0644091,-1.3944092,-0.28440917,0.21559082,0.9855908,1.3655908
1.2555908,1.5655909,1.8655908,2.3255908,2.9655907,3.5855908,4.4355907,5.715591,6.985591,8.165591,8.915591,9.285591,7.7855906,6.9755907,2.1155908,-3.3244092,-2.0344093,-0.4444092,-1.7544092,-0.6344092,0.59559083,-1.6144092,-2.514409,-2.484409,0.00559082,2.3355908,2.9055908,2.3255908,2.4255908,1.1855909,1.3155909,0.82559085,1.6155908,-0.8744092,0.07559082,2.525591,5.0155907,6.275591,6.735591,6.8055906,7.0155907,8.015591,8.075591,7.5955906,6.1855907,0.7955908,0.9255908,-0.30440918,0.12559082,3.8255908,4.2655907,4.0755906,0.5555908,-1.3344092,-0.59440917,0.21559082,-0.16440918,0.3355908,1.1455908
0.21559082,0.71559083,1.1755909,1.9255909,2.6855907,3.3655908,3.9055908,4.585591,5.9355907,7.135591,8.205591,8.845591,9.065591,8.495591,3.7155907,4.905591,-0.22440918,-1.7244092,-1.6144092,-0.17440918,-0.6344092,0.05559082,0.8755908,0.5055908,0.26559082,-1.5544091,2.275591,2.1255908,1.3155909,0.5555908,-0.7744092,-0.02440918,-0.08440918,-0.66440916,-0.8844092,1.4355909,4.795591,6.365591,6.695591,7.145591,7.425591,8.435591,8.6755905,9.50559,3.6355908,1.0255908,0.9455908,-0.45440918,-0.2544092,2.3555908,3.0955908,3.9355907,0.64559084,0.6755908,-0.16440918,-1.4244092,1.0255908,-0.24440917,0.14559083
-1.7244092,-0.91440916,0.15559082,1.3455908,2.4555907,3.2255907,3.8555908,4.3255906,5.115591,6.2055907,6.9955907,7.565591,7.9555907,8.165591,4.645591,2.0455909,1.5755908,-0.72440916,-3.214409,-2.9344091,-1.0744091,0.2755908,-0.30440918,-1.4144092,-1.2944092,-0.8644092,0.07559082,1.1855909,0.8655908,0.10559082,0.7855908,0.84559083,0.16559082,1.6255908,-0.65440917,0.76559085,5.025591,6.4755907,6.7455907,7.105591,7.695591,8.705591,9.555591,10.495591,2.4055908,1.9055908,2.3355908,-0.30440918,-0.24440917,0.52559084,2.1055908,2.4455907,1.6255908,0.5355908,0.5355908,-0.07440918,0.17559081,0.6255908,0.38559082
-4.284409,-2.714409,-1.2844092,0.15559082,1.4955908,2.5855908,3.4455907,4.085591,4.665591,5.695591,6.565591,7.0155907,7.4555907,7.655591,8.915591,0.64559084,1.8455908,-1.2044091,-0.09440918,-3.0344093,-1.4644092,-1.3944092,-0.3244092,1.1055908,1.4555908,1.5255908,1.0555909,-1.4044092,-2.4544091,-0.5244092,0.77559084,0.44559082,0.01559082,1.1455908,0.3655908,0.95559084,5.2455907,6.405591,6.605591,6.9555907,7.485591,8.435591,9.475591,10.325591,1.3655908,1.0755908,-0.6944092,-0.20440918,-1.0444092,-0.19440918,1.3155909,0.6955908,-0.2944092,-0.8744092,-0.27440917,-0.24440917,0.26559082,0.59559083,0.58559084
0.38559082,-5.2144094,-2.5644093,-1.1244092,0.48559082,1.4855908,2.4355907,3.285591,4.135591,5.0155907,6.165591,6.915591,7.2455907,7.4755907,7.5955906,3.2955909,1.8555908,-1.5544091,-0.22440918,-1.8444092,-2.3244092,-2.1144092,-1.5144092,-0.6844092,0.48559082,1.1555908,0.24559082,0.28559083,1.6855909,-0.4144092,-0.9544092,-0.12440918,0.19559082,0.3655908,0.90559083,0.58559084,4.895591,5.855591,6.2255907,6.585591,7.045591,7.9355907,8.995591,10.115591,3.9655907,5.9955907,0.48559082,-0.20440918,-3.9144092,-1.3744092,0.07559082,0.77559084,-1.4844092,-1.8044091,-1.3144091,-0.6444092,0.21559082,0.9355908,0.7855908
1.9855908,3.525591,-1.6844091,-2.1944091,-0.4744092,0.46559083,1.4655908,2.2955909,3.3255908,4.255591,5.385591,6.525591,7.025591,7.815591,8.515591,3.8555908,1.5955908,-0.03440918,-1.9944092,-2.3144093,-2.4344091,-2.6744092,-2.0444093,-1.4244092,-1.4044092,-0.7444092,1.4055908,1.8555908,-1.7344092,-1.0544091,1.3655908,1.3555908,2.6855907,1.4155908,-0.09440918,1.8055909,3.8055909,5.0155907,5.7455907,6.255591,6.545591,7.005591,7.525591,8.245591,7.195591,2.525591,2.1355908,-1.7344092,-4.304409,-2.514409,-0.91440916,0.46559083,-1.8744092,-2.994409,-2.1444092,-1.3644092,-0.09440918,0.57559085,0.51559085
-0.72440916,1.4655908,2.6455908,5.135591,2.3655908,-1.0944092,0.07559082,0.9155908,2.2255907,3.4155908,4.465591,5.7455907,6.915591,7.4355907,7.885591,3.6955907,0.5355908,2.535591,-2.244409,-3.3344092,-3.004409,-2.4044092,-2.3344092,-1.4144092,-0.79440916,-2.014409,-2.1844091,-1.9144092,-0.07440918,0.07559082,-0.7444092,1.3055909,1.0455909,4.4555907,0.51559085,1.2355908,3.3255908,4.585591,5.485591,6.175591,6.4955907,6.5555906,6.4355907,6.4755907,6.605591,5.2255907,3.1255908,-0.19440918,-2.3344092,-1.7044091,-1.2544092,-0.09440918,-2.004409,-3.4444091,-3.4544091,-2.2044091,-1.1844091,-1.1844091,-0.39440918
-0.6844092,-0.67440915,0.28559083,1.8255908,3.3455908,4.915591,0.8055908,-1.0044092,0.77559084,2.275591,3.255591,4.605591,5.835591,6.605591,7.505591,8.895591,1.2355908,2.1355908,0.7455908,-3.1244092,-3.9044092,-2.734409,-2.5844092,-2.6044092,-2.0544093,0.18559082,-1.4544091,1.2455908,2.8655908,0.00559082,0.11559082,-0.19440918,1.0455909,6.105591,-2.3744092,0.35559082,2.7155907,4.665591,5.965591,6.5355906,6.855591,6.865591,6.645591,5.885591,4.775591,4.0755906,3.7055907,2.9655907,1.4455909,-0.8244092,-1.5244092,-1.4844092,-1.1644092,-4.394409,-4.884409,-3.254409,-2.214409,-1.9644092,-1.9044092
-1.4144092,-1.0544091,-0.9944092,-0.2944092,0.7255908,0.9755908,2.255591,1.6855909,-0.12440918,1.0655909,2.3055909,2.995591,4.195591,5.355591,5.945591,5.395591,3.3755908,0.3955908,1.9655908,3.8455908,-5.704409,-4.554409,-3.3644092,-3.3244092,-3.6744092,-1.4944092,-0.11440918,-0.5244092,1.4555908,0.44559082,-0.48440918,0.13559082,1.9355909,6.085591,-3.1044092,-0.37440917,1.6755909,4.405591,5.865591,6.815591,7.315591,6.895591,6.4355907,6.065591,5.795591,4.4355907,1.9555908,1.5355908,1.0355908,1.7055908,-0.10440918,-2.4144092,-1.9844092,-2.4344091,-5.624409,-4.644409,-3.5744092,-2.9144092,-2.7044091
-1.7044091,-1.3244091,-1.1044092,-0.9644092,-0.7644092,-0.09440918,-0.60440916,-0.5544092,0.29559082,1.2055908,2.2155907,2.5655909,2.6055908,3.515591,4.165591,4.145591,4.105591,2.255591,2.5755908,1.2255908,2.1455908,-6.114409,-3.1344092,-3.3344092,-4.2744093,-3.3144093,-2.004409,-0.19440918,0.83559084,-0.09440918,2.015591,0.4555908,4.0955906,1.4855908,-2.0844092,-0.39440918,2.275591,4.965591,6.0755906,7.065591,7.635591,7.405591,6.235591,5.375591,4.9755907,5.105591,4.9555907,3.755591,2.7255907,2.2255907,1.3355908,-0.85440916,-3.5544093,-3.7044091,-3.8544092,-4.494409,-5.2744093,-4.634409,-4.2944093
-2.9544091,-2.5544093,-2.1444092,-1.8244091,-1.1344092,-0.90440917,-0.97440916,-0.78440917,-0.54440916,0.20559081,1.0055908,2.0655909,2.5755908,2.0655909,2.775591,3.3155909,3.6255908,4.565591,1.0655909,3.1955907,0.19559082,-3.1544092,-5.834409,-3.1644092,-4.0044093,-3.8544092,-3.6244092,-1.0244092,0.77559084,-1.8844092,-0.53440917,0.02559082,1.9255909,3.4755907,4.4755907,4.445591,5.2055907,6.2055907,7.295591,8.4655905,9.04559,9.135591,8.515591,6.405591,3.8355908,3.7055907,3.3455908,2.775591,2.3155909,2.8655908,3.8255908,0.96559083,-1.3044091,-4.094409,-5.334409,-5.574409,-5.664409,-5.534409,-5.744409
-2.5544093,-2.6844091,-2.8744092,-3.0744092,-2.464409,-2.0444093,-1.6944091,-1.7344092,-1.4844092,-0.73440915,-0.12440918,0.4255908,1.1955909,1.8855908,1.3355908,2.035591,2.735591,2.785591,1.7955909,1.9855908,1.3555908,-1.3944092,-4.624409,-3.9344091,-2.6444092,-4.304409,-2.994409,-2.1944091,-2.0844092,-0.65440917,-1.9044092,-1.4844092,0.38559082,2.0755908,3.0955908,4.025591,5.215591,6.445591,7.565591,8.50559,9.265591,9.575591,10.025591,10.195591,9.285591,5.865591,2.6955907,1.4155908,1.3755908,1.1955909,1.6855909,2.995591,2.995591,-0.23440918,-2.8544092,-5.134409,-7.184409,-6.594409,-6.1744094
-1.5844092,-1.5544091,-0.03440918,0.01559082,-0.33440918,-0.7044092,-1.3544092,-2.3044093,-2.8844092,-2.7844093,-1.7244092,-0.8944092,-0.39440918,0.23559082,0.95559084,-0.06440918,1.2155908,1.8555908,1.9355909,0.8155908,-0.14440918,-1.5144092,-3.504409,-3.0944092,-4.434409,-2.5244093,-3.1844091,-1.2044091,-1.8244091,-3.1544092,-4.354409,-2.0444093,-0.18440919,1.7255908,3.5755908,5.065591,5.9955907,6.8455906,7.7455907,8.615591,9.265591,9.565591,9.83559,10.205591,10.395591,10.285591,8.495591,4.425591,1.1555908,0.3055908,-0.6144092,-0.31440917,0.18559082,0.21559082,0.4555908,-0.98440915,-4.974409,-6.724409,-6.874409
-0.7744092,-0.16440918,-0.49440917,-0.59440917,-0.43440917,-0.54440916,-1.0844092,-1.4744092,-1.8044091,-3.3444092,-4.264409,-2.9544091,-1.6944091,-1.2844092,-0.9644092,-0.20440918,-1.0644091,0.3355908,-0.19440918,0.7255908,0.00559082,1.0255908,2.0455909,-0.2944092,0.10559082,0.3355908,-1.1944091,-1.1944091,-6.724409,-6.894409,-4.5444093,-2.0944092,0.44559082,2.3655908,3.9655907,5.0555906,5.9355907,6.965591,7.8055906,8.525591,9.1755905,9.645591,10.04559,10.245591,10.225591,10.08559,9.58559,8.9255905,7.2855906,2.7955909,-1.2044091,-2.254409,-2.724409,-1.2744092,-0.8844092,-1.4744092,-2.1844091,-4.604409,-6.334409
0.16559082,0.29559082,0.15559082,0.06559082,-0.26440918,-0.5744092,-0.92440915,-1.3344092,-1.9744092,-2.5844092,-3.8344092,-4.8144093,-3.3844092,-2.2744093,-2.0744092,-1.7044091,-1.5744091,-2.1144092,-2.5944092,-1.6744092,1.4455909,2.245591,1.0055908,-0.8044092,-2.2944093,-2.5944092,-4.9444094,-9.464409,-8.604409,-6.4644094,-4.034409,-1.5144092,0.5455908,1.9655908,3.525591,5.0155907,6.165591,7.2855906,8.29559,9.165591,10.035591,10.79559,11.245591,11.135591,10.955591,10.645591,9.825591,9.305591,8.885591,8.595591,5.735591,-0.6844092,-2.6844091,-3.3344092,-2.474409,-2.764409,-3.514409,-4.144409,-5.9244094
0.6355908,1.4655908,1.6855909,1.4055908,1.0555909,0.51559085,-0.11440918,-1.0944092,-1.8944092,-2.8544092,-4.2744093,-4.884409,-4.4444094,-3.8444092,-3.244409,-2.8044093,-2.0944092,-2.6244092,-2.6744092,-2.2744093,1.2355908,2.9555907,-4.1544094,-4.2944093,-7.2944093,-8.564409,-8.99441,-7.994409,-6.7944093,-5.224409,-3.2944093,-1.5544091,0.29559082,2.3755908,4.175591,5.4555907,6.5555906,7.7255907,8.735591,9.455591,10.115591,10.855591,11.25559,11.08559,11.135591,10.605591,10.305591,9.895591,9.355591,9.105591,8.665591,7.8055906,4.615591,-1.0644091,-4.2144094,-5.164409,-4.884409,-5.014409,-7.8144093
1.9055908,2.3155909,2.4255908,2.535591,2.0955908,1.5755908,0.82559085,-0.2544092,-1.4644092,-3.1744092,-4.534409,-5.454409,-5.324409,-4.724409,-4.2344093,-3.6744092,-3.0644093,-2.514409,-2.9344091,-2.764409,-2.0544093,-4.684409,-8.384409,-8.934409,-8.45441,-8.524409,-7.514409,-6.9044094,-5.834409,-4.744409,-3.1044092,-1.0944092,1.0655909,3.005591,4.365591,5.9355907,7.1855907,8.04559,8.885591,9.855591,10.785591,11.535591,11.935591,12.025591,11.405591,11.095591,10.665591,9.575591,9.115591,9.4255905,8.855591,8.595591,8.065591,6.105591,1.0755908,-4.4444094,-6.514409,-7.084409,-9.0744095
2.5555909,3.3355908,3.515591,3.4355907,3.1155908,2.2055907,0.7255908,-1.1444092,-2.714409,-4.4444094,-5.7544093,-7.1744094,-7.5044093,-5.824409,-4.224409,-4.084409,-3.8544092,-3.2944093,-2.994409,-4.364409,-6.7744093,-12.584409,-11.614409,-10.014409,-9.274409,-8.174409,-7.2344093,-6.554409,-5.584409,-3.974409,-2.2844093,-0.39440918,1.7355908,3.6655908,5.2455907,6.2855906,7.105591,8.385591,9.805591,10.685591,11.495591,12.015591,12.375591,13.035591,13.105591,11.915591,10.875591,10.205591,9.405591,8.79559,8.785591,8.825591,7.885591,7.355591,5.065591,0.76559085,-5.384409,-9.184409,-10.214409
3.255591,3.985591,4.9955907,5.905591,5.6855907,4.655591,2.4555907,-0.40440917,-2.754409,-4.834409,-6.634409,-7.284409,-7.0244093,-5.974409,-6.2144094,-5.2144094,-4.624409,-3.8544092,-3.264409,-8.104409,-13.084409,-13.95441,-12.24441,-11.514409,-10.124409,-8.734409,-7.514409,-6.204409,-5.034409,-3.5444093,-1.7844092,0.35559082,2.535591,4.1855907,5.315591,6.135591,7.5955906,9.445591,10.625591,11.025591,11.395591,12.135591,13.00559,13.405591,12.565591,12.355591,11.405591,10.625591,10.655591,10.365591,9.495591,8.525591,7.385591,6.6855907,5.775591,3.4755907,-2.1044092,-8.004409,-12.184409
3.7955909,5.335591,6.315591,7.025591,7.0755906,6.525591,4.835591,0.19559082,-4.134409,-4.684409,-5.284409,-6.5644093,-7.1944094,-8.124409,-7.134409,-6.384409,-5.864409,-5.134409,-5.1944094,-12.95441,-16.804409,-13.844409,-12.614409,-11.41441,-9.41441,-7.914409,-6.7744093,-5.434409,-4.114409,-2.714409,-0.9344092,1.0955908,2.8055909,3.8755908,5.235591,6.925591,8.615591,9.915591,10.685591,11.155591,11.615591,12.095591,12.495591,12.745591,12.735591,13.105591,12.685591,12.725591,12.455591,11.775591,10.475591,9.315591,8.4255905,6.755591,5.615591,3.7055907,0.7955908,-5.5044093,-12.0744095
