demo/wind_global_250mb_2019050618.json
{"header": {"discipline":0,"disciplineName":"Meteorological products","gribEdition":2,"gribLength":44792,"center":7,"centerName":"US National Weather Service - NCEP(WMC)","subcenter":0,"refTime":"2019-05-06T18:00:00.000Z","significanceOfRT":1,"significanceOfRTName":"Start of forecast","productStatus":0,"productStatusName":"Operational products","productType":1,"productTypeName":"Forecast products","productDefinitionTemplate":0,"productDefinitionTemplateName":"Analysis/forecast at horizontal level/layer at a point in time","parameterCategory":2,"parameterCategoryName":"Momentum","parameterNumber":3,"parameterNumberName":"V-component_of_wind","parameterUnit":"m.s-1","genProcessType":2,"genProcessTypeName":"Forecast","forecastTime":0,"surface1Type":100,"surface1TypeName":"Isobaric surface","surface1Value":25000.0,"surface2Type":255,"surface2TypeName":"Missing","surface2Value":0.0,"gridDefinitionTemplate":0,"gridDefinitionTemplateName":"Latitude_Longitude","numberPoints":65160,"shape":6,"shapeName":"Earth spherical with radius of 6,371,229.0 m","gridUnits":"degrees","resolution":48,"winds":"true","scanMode":0,"nx":360,"ny":181,"basicAngle":0,"lo1":0.0,"la1":90.0,"lo2":359.0,"la2":-90.0,"dx":1.0,"dy":1.0}, "data":
[rows 0 to 25 of 181, columns 0 to 58 of 360]
-10.594098,-10.6940975,-10.794098,-10.894098,-10.994098,-11.094098,-11.094098,-11.1940975,-11.294098,-11.394098,-11.394098,-11.494098,-11.494098,-11.594098,-11.594098,-11.6940975,-11.6940975,-11.794098,-11.794098,-11.894098,-11.894098,-11.894098,-11.894098,-11.994098,-11.994098,-11.994098,-11.994098,-11.994098,-11.994098,-11.994098,-11.994098,-11.994098,-11.994098,-11.894098,-11.894098,-11.894098,-11.894098,-11.794098,-11.794098,-11.794098,-11.6940975,-11.6940975,-11.594098,-11.594098,-11.494098,-11.494098,-11.394098,-11.294098,-11.294098,-11.1940975,-11.094098,-10.994098,-10.894098,-10.894098,-10.794098,-10.6940975,-10.594098,-10.494098,-10.394098
-11.594098,-11.794098,-11.994098,-12.1940975,-12.394098,-12.494098,-12.6940975,-12.894098,-12.994098,-13.1940975,-13.294098,-13.494098,-13.594098,-13.6940975,-13.794098,-13.894098,-13.994098,-14.094098,-14.1940975,-14.294098,-14.394098,-14.394098,-14.494098,-14.594098,-14.594098,-14.594098,-14.6940975,-14.6940975,-14.6940975,-14.6940975,-14.6940975,-14.6940975,-14.6940975,-14.6940975,-14.594098,-14.594098,-14.494098,-14.494098,-14.394098,-14.394098,-14.294098,-14.1940975,-14.094098,-13.994098,-13.894098,-13.794098,-13.6940975,-13.494098,-13.394098,-13.1940975,-13.094098,-12.894098,-12.6940975,-12.594098,-12.394098,-12.1940975,-11.994098,-11.794098,-11.594098
-12.794098,-13.094098,-13.494098,-13.6940975,-13.994098,-14.294098,-14.494098,-14.794098,-14.994098,-15.294098,-15.494098,-15.6940975,-15.894098,-16.094097,-16.294098,-16.394098,-16.594097,-16.694098,-16.894098,-16.994099,-17.094097,-17.194098,-17.194098,-17.294098,-17.294098,-17.394098,-17.394098,-17.394098,-17.394098,-17.294098,-17.294098,-17.194098,-17.194098,-17.094097,-16.994099,-16.894098,-16.794098,-16.694098,-16.494099,-16.394098,-16.194098,-16.094097,-15.894098,-15.794098,-15.594098,-15.394098,-15.1940975,-14.994098,-14.794098,-14.594098,-14.294098,-14.094098,-13.894098,-13.594098,-13.394098,-13.094098,-12.794098,-12.594098,-12.294098
-14.594098,-14.994098,-15.394098,-15.794098,-16.194098,-16.494099,-16.894098,-17.194098,-17.494099,-17.794098,-18.094097,-18.294098,-18.594097,-18.794098,-18.994099,-19.194098,-19.294098,-19.494099,-19.594097,-19.694098,-19.694098,-19.794098,-19.794098,-19.794098,-19.794098,-19.794098,-19.794098,-19.694098,-19.594097,-19.594097,-19.494099,-19.394098,-19.294098,-19.194098,-19.094097,-18.894098,-18.794098,-18.594097,-18.394098,-18.194098,-17.994099,-17.794098,-17.594097,-17.294098,-16.994099,-16.794098,-16.494099,-16.194098,-15.894098,-15.594098,-15.1940975,-14.894098,-14.494098,-14.1940975,-13.794098,-13.494098,-13.094098,-12.6940975,-12.294098
-16.594097,-17.194098,-17.694098,-18.194098,-18.594097,-18.994099,-19.394098,-19.794098,-20.094097,-20.394098,-20.694098,-20.894098,-21.094097,-21.294098,-21.494099,-21.594097,-21.694098,-21.794098,-21.794098,-21.894098,-21.894098,-21.894098,-21.794098,-21.794098,-21.794098,-21.694098,-21.594097,-21.594097,-21.494099,-21.394098,-21.294098,-21.094097,-20.994099,-20.794098,-20.594097,-20.494099,-20.194098,-19.994099,-19.794098,-19.494099,-19.194098,-18.894098,-18.594097,-18.294098,-17.994099,-17.594097,-17.294098,-16.894098,-16.594097,-16.194098,-15.794098,-15.394098,-14.994098,-14.494098,-14.094098,-13.594098,-13.1940975,-12.6940975,-12.1940975
-18.594097,-19.194098,-19.794098,-20.294098,-20.894098,-21.394098,-21.794098,-22.194098,-22.494099,-22.794098,-22.994099,-23.194098,-23.394098,-23.494099,-23.594097,-23.594097,-23.594097,-23.694098,-23.694098,-23.594097,-23.594097,-23.594097,-23.494099,-23.394098,-23.394098,-23.294098,-23.194098,-23.094097,-22.994099,-22.794098,-22.694098,-22.494099,-22.294098,-22.094097,-21.894098,-21.594097,-21.294098,-20.994099,-20.694098,-20.294098,-19.994099,-19.494099,-19.094097,-18.694098,-18.194098,-17.694098,-17.294098,-16.694098,-16.294098,-15.6940975,-15.1940975,-14.594098,-14.094098,-13.494098,-12.894098,-12.394098,-11.794098,-11.294098,-10.6940975
-20.494099,-21.194098,-21.794098,-22.394098,-22.894098,-23.394098,-23.794098,-24.094097,-24.394098,-24.594097,-24.694098,-24.794098,-24.894098,-24.894098,-24.894098,-24.894098,-24.894098,-24.894098,-24.794098,-24.694098,-24.594097,-24.494099,-24.394098,-24.294098,-24.294098,-24.194098,-24.094097,-23.994099,-23.894098,-23.694098,-23.594097,-23.294098,-22.994099,-22.694098,-22.294098,-21.894098,-21.494099,-21.094097,-20.694098,-20.194098,-19.794098,-19.294098,-18.794098,-18.294098,-17.594097,-17.094097,-16.394098,-15.794098,-15.1940975,-14.494098,-13.894098,-13.294098,-12.6940975,-12.094098,-11.494098,-10.994098,-10.394098,-9.894098,-9.294098
-21.994099,-22.694098,-23.294098,-23.794098,-24.294098,-24.694098,-24.994099,-25.194098,-25.294098,-25.394098,-25.394098,-25.394098,-25.394098,-25.394098,-25.394098,-25.294098,-25.194098,-25.094097,-24.994099,-24.894098,-24.794098,-24.794098,-24.694098,-24.594097,-24.594097,-24.494099,-24.394098,-24.294098,-24.094097,-23.794098,-23.494099,-23.094097,-22.694098,-22.294098,-21.894098,-21.394098,-20.894098,-20.394098,-19.894098,-19.294098,-18.594097,-17.894098,-17.294098,-16.494099,-15.894098,-15.294098,-14.6940975,-14.1940975,-13.594098,-13.094098,-12.594098,-12.094098,-11.494098,-10.994098,-10.494098,-9.994098,-9.394098,-8.894098,-8.294098
-22.994099,-23.594097,-24.094097,-24.494099,-24.794098,-24.994099,-25.194098,-25.294098,-25.394098,-25.394098,-25.394098,-25.294098,-25.194098,-25.094097,-24.994099,-24.894098,-24.794098,-24.694098,-24.594097,-24.594097,-24.494099,-24.494099,-24.394098,-24.394098,-24.194098,-23.994099,-23.794098,-23.494099,-23.094097,-22.694098,-22.294098,-21.794098,-21.394098,-20.994099,-20.494099,-19.994099,-19.494099,-18.994099,-18.394098,-17.794098,-17.194098,-16.694098,-16.094097,-15.594098,-14.994098,-14.494098,-13.894098,-13.294098,-12.794098,-12.1940975,-11.6940975,-11.094098,-10.594098,-10.094098,-9.594098,-8.994098,-8.494098,-7.894098,-7.294098
-23.394098,-23.894098,-24.194098,-24.494099,-24.694098,-24.894098,-24.994099,-24.994099,-24.994099,-24.994099,-24.894098,-24.794098,-24.694098,-24.494099,-24.394098,-24.294098,-24.094097,-23.994099,-23.994099,-23.894098,-23.794098,-23.594097,-23.394098,-23.194098,-22.794098,-22.494099,-22.194098,-21.794098,-21.494099,-21.194098,-20.994099,-20.694098,-20.394098,-19.994099,-19.494099,-18.894098,-18.294098,-17.594097,-16.994099,-16.294098,-15.794098,-15.1940975,-14.6940975,-14.094098,-13.594098,-13.094098,-12.494098,-11.894098,-11.294098,-10.794098,-10.1940975,-9.594098,-9.094098,-8.494098,-7.9940977,-7.394098,-6.894098,-6.294098,-5.794098
-23.394098,-23.794098,-24.094097,-24.294098,-24.394098,-24.494099,-24.494099,-24.494099,-24.394098,-24.294098,-24.094097,-23.894098,-23.694098,-23.494099,-23.394098,-23.094097,-22.894098,-22.594097,-22.294098,-22.494099,-22.694098,-22.594097,-21.894098,-21.694098,-21.694098,-21.394098,-20.994099,-20.494099,-20.194098,-19.894098,-19.494099,-19.094097,-18.694098,-18.194098,-17.594097,-16.994099,-16.394098,-15.794098,-15.294098,-14.6940975,-14.1940975,-13.594098,-13.094098,-12.594098,-11.994098,-11.494098,-10.894098,-10.394098,-9.6940975,-9.094098,-8.494098,-7.894098,-7.294098,-6.894098,-6.4940977,-5.9940977,-5.594098,-5.094098,-4.594098
-22.994099,-23.294098,-23.494099,-23.594097,-23.594097,-23.394098,-23.194098,-22.894098,-22.594097,-22.294098,-21.994099,-21.494099,-21.494099,-22.194098,-22.494099,-22.694098,-22.394098,-22.894098,-22.494099,-21.894098,-21.394098,-20.694098,-19.894098,-19.094097,-18.594097,-17.994099,-17.594097,-17.294098,-17.094097,-16.894098,-16.694098,-16.494099,-16.094097,-15.794098,-15.294098,-14.794098,-14.294098,-13.894098,-13.394098,-12.994098,-12.594098,-12.094098,-11.594098,-11.094098,-10.494098,-9.894098,-9.1940975,-8.594098,-7.9940977,-7.4940977,-7.094098,-6.694098,-6.194098,-5.794098,-5.294098,-4.794098,-4.294098,-3.794098,-3.3940978
-22.794098,-22.994099,-23.094097,-22.994099,-22.894098,-22.894098,-22.694098,-22.494099,-22.294098,-21.894098,-21.494099,-21.094097,-20.494099,-19.594097,-18.694098,-17.994099,-17.194098,-16.694098,-16.294098,-16.094097,-15.994098,-15.794098,-15.794098,-15.6940975,-15.794098,-15.6940975,-15.6940975,-15.594098,-15.494098,-15.1940975,-14.894098,-14.494098,-14.094098,-13.6940975,-13.294098,-12.894098,-12.494098,-12.094098,-11.594098,-11.1940975,-10.6940975,-10.1940975,-9.594098,-9.094098,-8.494098,-7.9940977,-7.4940977,-7.094098,-6.694098,-6.294098,-5.794098,-5.294098,-4.794098,-4.394098,-3.994098,-3.494098,-3.194098,-2.8940978,-2.5940979
-22.494099,-22.494099,-22.394098,-22.294098,-22.094097,-21.794098,-21.394098,-20.994099,-20.594097,-20.094097,-19.494099,-18.994099,-18.494099,-18.194098,-17.794098,-17.094097,-16.494099,-15.6940975,-14.994098,-14.394098,-14.094098,-13.994098,-13.994098,-13.894098,-13.794098,-13.6940975,-13.494098,-13.1940975,-12.894098,-12.594098,-12.294098,-12.094098,-11.794098,-11.494098,-11.1940975,-10.894098,-10.494098,-9.994098,-9.594098,-9.094098,-8.594098,-8.094098,-7.594098,-7.194098,-6.694098,-6.394098,-5.9940977,-5.594098,-5.194098,-4.894098,-4.4940977,-4.194098,-3.8940978,-3.694098,-3.3940978,-3.0940979,-2.794098,-2.494098,-2.0940979
-22.894098,-22.994099,-22.894098,-22.494099,-21.694098,-20.694098,-19.694098,-18.694098,-17.794098,-16.894098,-16.094097,-15.394098,-14.794098,-14.294098,-13.794098,-13.494098,-13.1940975,-12.994098,-12.794098,-12.6940975,-12.594098,-12.294098,-12.094098,-11.794098,-11.594098,-11.394098,-11.1940975,-10.994098,-10.794098,-10.594098,-10.294098,-9.994098,-9.6940975,-9.394098,-8.994098,-8.6940975,-8.1940975,-7.894098,-7.394098,-6.9940977,-6.4940977,-6.094098,-5.794098,-5.4940977,-5.194098,-4.9940977,-4.694098,-4.394098,-4.194098,-3.8940978,-3.5940979,-3.294098,-3.0940979,-2.794098,-2.5940979,-2.3940978,-2.3940978,-2.3940978,-2.3940978
-23.294098,-22.994099,-22.394098,-21.594097,-20.694098,-19.594097,-18.294098,-17.294098,-16.294098,-15.594098,-14.994098,-14.394098,-13.6940975,-13.094098,-12.594098,-12.094098,-11.6940975,-11.294098,-10.994098,-10.794098,-10.6940975,-10.494098,-10.294098,-9.994098,-9.794098,-9.494098,-9.1940975,-8.994098,-8.6940975,-8.394098,-8.094098,-7.694098,-7.394098,-6.9940977,-6.694098,-6.294098,-5.894098,-5.4940977,-5.194098,-4.894098,-4.594098,-4.394098,-4.094098,-3.794098,-3.3940978,-2.994098,-2.794098,-2.5940979,-2.5940979,-2.494098,-2.494098,-2.5940979,-2.694098,-2.8940978,-3.294098,-3.694098,-3.794098,-3.5940979,-3.0940979
-22.894098,-22.394098,-21.594097,-20.694098,-19.594097,-18.594097,-17.494099,-16.594097,-15.6940975,-14.894098,-14.094098,-13.294098,-12.6940975,-11.994098,-11.394098,-10.6940975,-10.094098,-9.594098,-9.094098,-8.594098,-8.1940975,-7.794098,-7.294098,-6.894098,-6.594098,-6.194098,-5.894098,-5.4940977,-5.194098,-4.894098,-4.594098,-4.294098,-4.094098,-3.794098,-3.5940979,-3.3940978,-3.194098,-2.994098,-2.794098,-2.5940979,-2.3940978,-2.0940979,-1.8940979,-1.7940979,-1.6940979,-1.5940979,-1.6940979,-1.6940979,-1.7940979,-1.8940979,-2.0940979,-2.3940978,-2.794098,-3.294098,-3.694098,-4.094098,-4.194098,-4.094098,-3.5940979
-22.194098,-21.394098,-20.494099,-19.494099,-18.594097,-17.794098,-17.194098,-16.394098,-15.594098,-14.594098,-13.494098,-12.294098,-11.1940975,-10.094098,-9.094098,-8.1940975,-7.294098,-6.594098,-5.9940977,-5.394098,-4.894098,-4.394098,-3.994098,-3.5940979,-3.194098,-2.794098,-2.494098,-2.194098,-1.7940979,-1.5940979,-1.3940979,-1.1940979,-0.9940979,-0.8940979,-0.7940979,-0.6940979,-0.6940979,-0.5940979,-0.5940979,-0.4940979,-0.4940979,-0.3940979,-0.3940979,-0.2940979,-0.2940979,-0.3940979,-0.4940979,-0.5940979,-0.7940979,-0.9940979,-1.2940979,-1.5940979,-1.994098,-2.3940978,-2.8940978,-3.0940979,-3.294098,-3.294098,-3.194098
-21.694098,-21.094097,-20.394098,-19.694098,-18.894098,-17.894098,-16.694098,-15.494098,-14.094098,-12.594098,-11.1940975,-9.794098,-8.6940975,-7.794098,-7.094098,-6.394098,-5.794098,-4.9940977,-4.394098,-3.5940979,-2.994098,-2.294098,-1.6940979,-1.0940979,-0.6940979,-0.1940979,0.2059021,0.5059021,0.8059021,1.005902,1.2059021,1.4059021,1.505902,1.6059021,1.6059021,1.6059021,1.6059021,1.6059021,1.6059021,1.6059021,1.505902,1.505902,1.505902,1.4059021,1.4059021,1.3059021,1.2059021,1.1059021,0.8059021,0.6059021,0.2059021,-0.1940979,-0.5940979,-0.9940979,-1.2940979,-1.5940979,-1.8940979,-2.0940979,-2.194098
-21.894098,-21.394098,-20.694098,-19.494099,-18.094097,-16.394098,-14.594098,-12.994098,-11.6940975,-10.794098,-10.094098,-9.294098,-8.294098,-7.194098,-6.194098,-5.094098,-4.194098,-3.294098,-2.3940978,-1.6940979,-0.8940979,-0.1940979,0.5059021,1.1059021,1.6059021,2.1059022,2.4059021,2.705902,2.805902,3.1059022,3.205902,3.305902,3.305902,3.4059021,3.4059021,3.505902,3.505902,3.505902,3.505902,3.505902,3.4059021,3.4059021,3.4059021,3.505902,3.505902,3.4059021,3.305902,3.1059022,2.9059021,2.6059022,2.205902,1.8059021,1.3059021,0.8059021,0.3059021,-0.1940979,-0.4940979,-0.6940979,-0.8940979
-22.094097,-20.994099,-19.594097,-17.794098,-15.894098,-14.394098,-13.494098,-12.794098,-11.994098,-10.6940975,-9.294098,-7.894098,-6.594098,-5.194098,-3.8940978,-2.694098,-1.5940979,-0.6940979,0.1059021,0.8059021,1.6059021,2.205902,2.9059021,3.4059021,4.0059023,4.605902,5.205902,5.305902,5.305902,5.405902,5.5059023,5.605902,5.705902,5.805902,5.805902,5.805902,5.805902,5.905902,5.905902,5.905902,5.805902,5.805902,5.905902,5.905902,5.905902,5.705902,5.405902,5.0059023,4.805902,4.5059023,4.105902,3.6059022,2.9059021,2.4059021,1.7059021,1.2059021,0.8059021,0.4059021,0.1059021
-21.194098,-19.594097,-17.794098,-16.294098,-15.594098,-14.894098,-13.794098,-12.294098,-10.794098,-9.094098,-7.394098,-5.4940977,-3.8940978,-2.494098,-1.2940979,-0.1940979,1.005902,2.005902,2.6059022,3.1059022,3.705902,4.605902,5.5059023,6.305902,7.0059023,7.605902,7.905902,8.205902,8.405902,8.605902,8.705902,9.005902,9.3059025,9.605902,9.605902,9.605902,9.8059025,9.8059025,9.605902,9.105902,8.605902,8.205902,7.805902,7.405902,7.205902,6.905902,6.605902,6.305902,6.0059023,5.5059023,4.805902,4.105902,3.505902,3.005902,2.505902,1.9059021,1.4059021,0.8059021,0.3059021
-19.594097,-17.994099,-17.194098,-16.694098,-15.794098,-14.1940975,-12.594098,-10.994098,-9.094098,-6.9940977,-4.9940977,-3.194098,-1.6940979,-0.1940979,1.2059021,2.305902,3.305902,4.105902,4.705902,5.705902,7.0059023,8.3059025,9.3059025,10.005902,10.705902,11.105902,11.505902,11.705902,11.605902,11.505902,11.605902,11.905902,12.105902,12.005902,12.205902,12.605902,12.705902,12.3059025,11.8059025,11.105902,10.705902,10.405902,10.105902,9.705902,9.205902,8.605902,8.105902,7.705902,7.305902,6.905902,6.305902,5.805902,4.905902,4.105902,3.505902,3.1059022,2.505902,1.8059021,1.1059021
-18.294098,-17.794098,-17.294098,-16.094097,-14.394098,-12.6940975,-11.094098,-9.1940975,-7.094098,-5.194098,-3.5940979,-1.8940979,0.0059020994,2.1059022,3.705902,4.905902,5.805902,6.805902,8.205902,10.005902,11.405902,12.405902,13.405902,14.405902,15.005902,15.405902,15.505902,15.3059025,15.005902,14.705902,14.605902,14.705902,14.8059025,15.005902,15.205902,15.205902,14.8059025,14.405902,14.105902,14.005902,13.505902,12.8059025,12.105902,11.405902,10.505902,10.205902,9.905902,9.605902,8.905902,8.3059025,7.805902,7.405902,7.105902,6.805902,6.105902,5.205902,4.305902,3.6059022,3.005902
-18.094097,-17.694098,-16.394098,-14.494098,-12.794098,-11.094098,-9.394098,-7.394098,-5.694098,-4.294098,-2.694098,-0.5940979,1.7059021,4.105902,6.405902,8.3059025,9.8059025,11.905902,13.605902,15.105902,16.605902,18.005901,18.905903,19.105902,19.105902,18.805902,18.605902,18.505901,18.505901,18.605902,18.405903,18.505901,18.905903,19.205902,18.805902,18.305902,17.905903,17.605902,17.005901,16.305902,15.705902,15.205902,14.605902,14.105902,13.8059025,13.405902,12.8059025,12.105902,11.705902,11.405902,11.105902,10.405902,9.8059025,9.205902,8.505902,7.705902,6.805902,5.705902,4.5059023
-17.794098,-16.994099,-15.1940975,-12.994098,-11.1940975,-9.594098,-7.894098,-6.294098,-4.9940977,-3.494098,-1.2940979,1.3059021,3.705902,6.305902,8.705902,11.105902,13.505902,15.505902,16.905903,17.905903,18.405903,19.105902,19.405903,19.705902,20.205902,20.905903,21.505901,22.005901,22.205902,22.305902,22.605902,22.605902,22.305902,21.905903,21.805902,21.605902,21.105902,20.405903,19.705902,19.105902,18.505901,18.105902,17.605902,16.905903,16.205902,15.505902,14.905902,14.505902,13.905902,13.105902,12.605902,12.405902,11.905902,10.905902,10.105902,9.205902,8.205902,7.105902,5.905902
