demo/wind_global_250mb_2019050618.json
{"header": {"discipline":0,"disciplineName":"Meteorological products","gribEdition":2,"gribLength":74724,"center":7,"centerName":"US National Weather Service - NCEP(WMC)","subcenter":0,"refTime":"2019-05-06T18:00:00.000Z","significanceOfRT":1,"significanceOfRTName":"Start of forecast","productStatus":0,"productStatusName":"Operational products","productType":1,"productTypeName":"Forecast products","productDefinitionTemplate":0,"productDefinitionTemplateName":"Analysis/forecast at horizontal level/layer at a point in time","parameterCategory":2,"parameterCategoryName":"Momentum","parameterNumber":2,"parameterNumberName":"U-component_of_wind","parameterUnit":"m.s-1","genProcessType":2,"genProcessTypeName":"Forecast","forecastTime":0,"surface1Type":103,"surface1TypeName":"Specified height level above ground","surface1Value":10.0,"surface2Type":255,"surface2TypeName":"Missing","surface2Value":0.0,"gridDefinitionTemplate":0,"gridDefinitionTemplateName":"Latitude_Longitude","numberPoints":65160,"shape":6,"shapeName":"Earth spherical with radius of 6,371,229.0 m","gridUnits":"degrees","resolution":48,"winds":"true","scanMode":0,"nx":360,"ny":181,"basicAngle":0,"lo1":0.0,"la1":90.0,"lo2":359.0,"la2":-90.0,"dx":1.0,"dy":1.0}, "data":
[rows 50 to 74 of 181, columns 228 to 284 of 360]
-2.2906005,-2.0706005,-2.0106006,-1.4106005,-0.020600585,0.92939943,1.7693994,-0.6506006,0.97939944,-0.12060059,0.9393994,0.2593994,0.6393994,1.9093994,0.019399414,0.4793994,-1.3006005,-1.2306006,-0.83060056,0.20939942,-0.5906006,-1.0106006,-3.1506007,0.5193994,1.3693994,-0.8006006,4.5893993,-3.8206005,-2.6206007,-2.3806007,-3.5506005,-4.790601,-5.750601,-5.4006004,-4.5306005,-3.8306005,-3.2406006,-2.2106006,-0.76060057,2.0893993,2.6993995,3.4593995,3.4693995,2.5093994,1.4593995,2.3693993,1.9793994,1.8393995,2.1693995,1.3793994,1.9493995,1.4593995,0.60939944,2.2593994,1.2593994,0.6193994,0.73939943
-2.8806007,-2.3406005,-1.4306006,-0.4806006,0.46939942,1.4193994,2.2693994,2.0193994,1.4093994,1.3693994,-2.7006006,1.4993994,-2.1006005,0.4593994,3.3193994,-0.9306006,-2.9706006,-0.82060057,0.30939943,1.9393994,-0.9006006,-1.4506006,-0.8506006,0.3293994,-0.6306006,0.4193994,0.33939943,-0.040600587,-2.4906006,-2.5906005,-2.4306006,-4.3906007,-4.0306005,-2.8506005,-0.95060056,-2.3306005,-4.020601,-3.2306006,-1.7206006,-0.6206006,0.9593994,2.6893995,1.8593994,1.3393995,1.5393994,2.3093994,0.97939944,0.7193994,-0.3306006,-0.19060059,0.049399413,0.6993994,1.4493995,0.3993994,0.5193994,0.6393994,0.3293994
-2.4906006,-1.6006006,-0.77060056,0.029399414,0.60939944,1.1993995,2.0593994,3.9693995,3.9293995,1.5193994,3.4093995,1.6893994,2.8293993,-3.7306006,-2.1906006,-3.0006006,-4.7306004,-1.4606006,-0.3906006,3.3393993,-0.16060059,0.2693994,3.5793993,1.6593994,2.0693994,1.6993995,-2.5006006,-4.3606005,-2.8606005,-3.9806006,-2.7206006,-0.9806006,1.1493994,-0.16060059,0.2593994,-3.2406006,-2.0906005,-3.8106005,-2.5606005,-0.9406006,-1.4106005,0.5693994,0.049399413,0.49939942,0.67939943,0.7893994,0.5193994,-0.6506006,-0.82060057,-1.1306006,0.14939941,1.2693994,0.4293994,-0.64060056,-0.7406006,0.029399414,1.1993995
-1.8406006,-1.1506006,-0.37060058,0.109399416,0.4593994,0.97939944,1.9993994,3.7993994,4.6393995,2.4693995,0.8293994,2.3193994,1.0493994,2.0293994,-0.18060058,-1.9206005,-2.9906006,-6.770601,-0.76060057,-0.4906006,-1.6506006,1.9193994,0.09939942,1.5693994,0.4293994,-0.28060058,0.16939941,-2.3306005,-4.020601,-3.3306005,0.019399414,2.2593994,2.0793993,-1.0506005,-0.20060058,-0.7506006,-2.4906006,0.7093994,2.8493993,-1.8206006,-0.46060058,-0.6306006,0.4793994,-0.11060058,-0.6306006,-0.9406006,-0.8106006,0.029399414,0.5193994,0.5293994,0.7593994,0.7793994,0.4493994,0.21939941,-0.57060057,-1.1906006,-0.5906006
-1.8306006,-1.2006006,-0.34060058,0.22939941,0.91939944,1.5993994,2.5193994,3.5893993,4.1793995,4.0593996,2.6493995,2.0493994,1.1693994,2.5093994,-5.4106007,-1.8606006,-2.0906005,-2.4706006,-0.8806006,-0.4506006,2.7793994,1.1793994,2.3993995,3.3593993,3.6193993,3.0993993,1.7893994,-0.7806006,-0.3306006,1.3393995,1.4893994,1.1593994,-0.23060058,-0.47060058,-0.8506006,-0.020600585,0.24939941,0.6293994,1.9793994,1.2993994,-0.2706006,0.43939942,-0.3506006,-0.83060056,-1.4806006,-1.7506006,-0.57060057,-0.11060058,-0.6806006,1.2793994,1.2093995,-0.9006006,0.09939942,-0.100600585,-2.0006006,-1.5406005,-3.4106007
-1.5406005,-0.7906006,-0.38060057,0.31939942,0.9493994,1.9993994,3.1893995,4.249399,4.6293993,4.8193994,2.9093995,0.9693994,1.2193995,0.8093994,7.4393992,7.3093996,1.6193994,-2.0606005,-1.1406006,-2.1506007,-2.6106005,2.6193993,3.3293993,0.24939941,0.28939942,-1.5406005,-0.13060059,-2.8806007,2.7193995,2.1593995,0.2693994,-3.4906006,-1.3206006,-0.9006006,-0.40060058,0.92939943,0.4493994,1.0493994,0.91939944,0.5093994,-0.34060058,0.059399415,0.039399415,-0.8406006,-2.3606005,-2.2706006,-0.4506006,-0.9006006,1.4093994,0.14939941,-1.4106005,-1.0706006,-1.8106006,-3.3306005,-3.0906005,-2.1806006,-3.9806006
0.17939942,0.6293994,1.3693994,1.9693995,2.3493993,2.7993994,3.2593994,4.1393995,4.3893995,3.5193994,1.6293994,0.059399415,4.0093994,3.8593993,1.6293994,3.1993995,1.9993994,0.20939942,1.3093994,-3.3206005,-1.2206006,1.4493995,1.5193994,0.06939942,0.6393994,-2.6906006,1.8493994,0.3993994,3.2893994,1.9493995,-0.44060057,-2.3806007,-2.2306006,-1.0806006,0.24939941,0.3293994,0.54939944,0.36939943,0.8493994,0.6493994,-0.47060058,-1.0806006,-0.11060058,-1.4606006,-1.5006006,-1.5506005,-0.52060056,-0.0106005855,-2.6806006,-1.5006006,-1.7206006,-2.3206005,-4.1606007,-2.9606006,-4.3406005,-5.6306005,-3.8006005
0.5593994,1.5193994,1.9393994,2.3593993,2.6793995,2.7593994,3.0693994,3.7293994,3.1493995,3.7893994,2.2393994,2.1293993,2.9393995,3.6693995,0.97939944,2.5693994,5.6993995,7.6293993,5.249399,1.2293994,1.7393994,3.4993994,-0.060600586,1.6793994,3.6093993,3.4693995,2.7793994,1.9093994,1.4093994,0.4593994,-2.7906005,-2.9506006,-0.89060056,-0.4806006,-0.2706006,0.13939941,0.16939941,-0.6606006,0.2693994,-0.030600585,-1.4506006,-1.7106006,-0.3606006,-1.5106006,-0.9206006,-0.57060057,0.43939942,1.0193994,0.9693994,0.6893994,0.6593994,-1.6006006,-2.6006005,-6.3506007,-6.1206007,-4.3006005,-2.4606006
0.49939942,1.1893994,1.7193995,2.1993995,2.6793995,3.1193993,3.3893995,3.6093993,3.6193993,4.1193995,3.2693994,0.4493994,-0.57060057,-0.4906006,0.5793994,2.9893994,7.7993994,-0.43060058,0.20939942,-0.40060058,2.5393994,2.6593995,2.4593995,2.9693995,5.1593995,4.9393992,5.5993996,3.2893994,-0.7806006,-1.6706005,-2.7006006,-2.8906007,-0.20060058,-0.2606006,-0.95060056,-0.5406006,-0.9006006,-0.9106006,-0.11060058,-0.22060059,-1.7006006,-0.7106006,-0.7106006,-1.1606005,-1.2206006,-0.7506006,0.9993994,1.9393994,2.4493995,2.9693995,2.6993995,0.9993994,-2.0806005,-1.4506006,-0.6806006,1.6393994,4.6993995
-0.3506006,0.40939942,0.36939943,1.4993994,2.3493993,3.0493994,3.5393994,3.7793994,4.0993996,4.2793994,3.2893994,3.1993995,4.0293994,5.5193996,5.499399,3.4793994,4.749399,-5.9706006,2.6793995,2.5093994,3.8193994,3.3393993,4.2993994,4.5093994,4.749399,3.1893995,3.0393994,1.4593995,1.5793995,0.5993994,-2.9806006,-1.8806006,-0.23060058,-1.1406006,0.15939942,-0.6906006,-0.9306006,-0.1706006,-0.5306006,-0.7806006,-1.3106006,-0.100600585,0.039399415,-0.5906006,-0.6606006,0.14939941,-0.09060059,1.0193994,2.2193995,2.8693993,1.6693994,-2.2406006,2.2293994,3.5593994,4.3193994,5.8593993,5.6093993
-1.5606006,-0.83060056,0.30939943,1.0193994,1.7393994,2.3993995,3.2293994,3.4893994,3.6193993,4.1893992,5.0993996,5.6093993,6.8193994,6.5993996,5.5893993,4.5993996,5.0093994,10.499399,6.1393995,2.7293994,4.209399,1.3093994,2.7493994,3.1693995,3.6493995,1.0993994,0.7793994,-0.6106006,2.1193993,2.5293994,-6.1506004,-3.2406006,-2.2806005,-1.1706005,-1.4006006,-1.7706006,-2.1706007,-2.3406005,-1.7706006,-1.3006005,-1.6806006,-2.4706006,-3.3206005,-2.8506005,-1.8006005,-1.4706006,2.2993994,1.6793994,1.6493994,1.3993994,1.9493995,-3.6706007,2.2193995,3.8393993,5.2693996,6.6393995,7.3793993
-3.3506005,-2.4306006,-1.9806006,-1.4706006,-0.52060056,0.28939942,1.4693995,2.2093995,2.6193993,3.0793993,4.1193995,4.7793994,5.459399,5.9093995,5.1393995,4.5793996,4.2593994,4.7893996,7.4693995,2.2093995,4.4393992,2.7793994,1.8893994,3.8793993,4.9493995,2.7393994,-0.8406006,-0.1706006,-2.1606007,1.3893994,-0.8706006,-3.7406006,-3.4906006,-4.3106008,-3.4606006,-2.9506006,-3.8006005,-5.3006005,-5.1906004,-5.9306006,-6.5106006,-5.7006006,-5.0806007,-4.7006006,-3.8206005,-3.1306007,-2.6006005,-2.6806006,-2.2206006,2.5093994,2.8693993,0.24939941,1.0893995,2.9793994,4.1693993,3.7993994,3.9393995
-3.2706006,-3.0306005,-2.8306005,-2.5206006,-2.1406007,-1.6406006,-1.0306005,0.23939942,1.2193995,2.3693993,3.5493994,4.3893995,4.8493996,5.4693995,4.4193993,3.9193995,3.3393993,2.0193994,4.8393993,6.4193993,5.1793995,3.1293993,1.3193994,1.5893995,4.5193996,1.2693994,1.7093995,2.8493993,-1.8006005,-1.0906006,-3.8506005,-4.1606007,-5.2006006,-6.3006005,-3.8906007,-4.4006004,-4.8206005,-4.8406005,-5.6806006,-7.1606007,-8.160601,-7.8006005,-6.9506006,-5.9806004,-5.000601,-3.7306006,-2.7706006,-2.0606005,-1.4606006,0.17939942,2.6993995,2.2693994,0.11939941,3.1393995,3.1593995,3.1493995,2.4493995
-3.4606006,-2.9306006,-2.3906007,-2.3506005,-2.4206007,-1.2806005,0.49939942,2.1593995,2.3993995,2.8393993,3.7193995,4.3493996,4.479399,3.5393994,2.8093994,2.7993994,2.9793994,2.9893994,3.3493993,4.3993993,-6.4006004,-0.050600585,-0.41060057,0.5293994,1.7393994,5.709399,2.1493995,2.8793993,-0.3006006,-3.2006006,-2.3806007,-2.5806005,-6.3006005,-5.6806006,-4.1206007,-3.5706005,-5.2206006,-5.1806006,-5.9606004,-7.4206004,-7.9506006,-7.8906007,-7.4406004,-6.9806004,-6.0906005,-4.8006005,-3.3006005,-2.7506006,-0.9306006,2.6693995,5.1093993,3.6293993,-1.2006006,1.8993994,1.4193994,1.0193994,1.6093994
-5.770601,-6.1606007,-2.9906006,-1.6506006,-1.9206005,-2.1906006,-1.0206006,0.20939942,1.0293994,1.5193994,2.2093995,2.2393994,1.9993994,1.6793994,1.6793994,1.7893994,2.0093994,1.6993995,2.0093994,4.749399,7.5493994,-2.6406007,-1.3906006,-0.46060058,1.5893995,3.9093995,-1.7306006,-2.0906005,0.029399414,-2.0706005,-1.2906005,-5.3606005,-3.1806006,-4.5806007,-3.5706005,-3.9006007,-5.0906005,-5.0606008,-5.6006007,-6.1506004,-6.6506004,-6.250601,-5.6206007,-6.0506005,-4.7806005,-3.4906006,-1.9906006,-1.3006005,0.4493994,0.66939944,1.4493995,3.0393994,-1.3906006,0.8093994,-0.6206006,-0.4506006,-0.020600585
0.31939942,0.18939942,0.7093994,0.5193994,-1.3706006,-2.5806005,-2.6006005,-1.8206006,-1.1406006,-0.7406006,-0.2706006,0.23939942,0.6393994,0.60939944,0.17939942,-0.23060058,-0.020600585,0.37939942,0.8993994,2.6393995,5.729399,4.8793993,0.72939944,-3.6906006,0.7493994,2.2693994,3.2793994,1.1093994,1.0593994,2.9493995,2.6593995,0.40939942,-3.2306006,-3.5806005,-4.6006007,-3.0806005,-4.520601,-5.2206006,-5.6406007,-6.1906004,-6.9406004,-6.2606006,-5.9806004,-6.3906007,-5.000601,-3.7506006,-1.7106006,-2.4606006,-0.7406006,0.20939942,-0.6506006,0.6293994,0.79939944,0.3893994,-2.6406007,-0.95060056,-1.2406006
-2.6506007,-2.7006006,-2.6806006,-2.9306006,-3.2306006,-3.6906006,-3.7206006,-3.4006007,-2.9106007,-2.3506005,-1.7806005,-1.4206005,-1.4206005,-1.7706006,-1.8806006,-1.9006006,-1.4706006,-0.7806006,-0.22060059,1.6893994,3.7893994,6.0193996,0.7093994,-2.5906005,-2.8606005,1.2793994,2.3393993,4.0393996,3.5393994,3.0093994,3.4193995,2.6493995,3.0893993,-3.1406007,-5.3206005,-2.7306006,-3.8106005,-4.7406006,-5.6206007,-5.7806005,-5.2306004,-3.9806006,-3.3306005,-3.2106006,-2.3706007,-1.3506006,-2.2506006,-1.7106006,1.0693994,0.029399414,-0.31060058,-1.1606005,-0.57060057,-1.9906006,-1.1806006,-3.3106005,-3.0406005
-4.040601,-4.290601,-4.7306004,-4.9506006,-4.9706006,-5.2306004,-5.3906007,-5.0706005,-4.5606008,-4.1606007,-3.8106005,-3.5406005,-3.4406006,-3.2006006,-2.7906005,-2.4606006,-2.1406007,-1.7506006,-1.2406006,0.06939942,1.1393994,3.3293993,4.8893995,-2.8106005,-2.2406006,-2.7306006,0.7193994,2.2893994,2.8393993,6.0793996,6.3093996,5.0993996,-0.9206006,-1.6606005,-3.0906005,-2.3406005,-3.5806005,-4.3606005,-5.1706004,-4.1406007,-2.3606005,-3.1006005,-2.6106005,-1.3206006,-2.8906007,-2.2406006,-2.7006006,-0.2606006,0.3593994,-0.6606006,-0.21060058,-2.1906006,-3.8206005,-3.3306005,-3.1306007,-4.3406005,-3.8506005
-4.6606007,-5.0806007,-5.4306006,-5.6406007,-5.8106008,-6.1506004,-6.3206005,-6.000601,-5.6006007,-5.4506006,-5.1406007,-4.7606006,-4.5106006,-3.9206007,-3.1306007,-2.8006005,-2.4706006,-2.0706005,-1.4306006,-0.5306006,0.7893994,2.9893994,5.5693994,2.7793994,0.7493994,-0.7806006,0.22939941,1.6893994,2.7193995,3.9393995,5.3693995,5.8693995,-2.7606006,-3.1506007,-3.6706007,-2.4706006,-3.8006005,-4.6006007,-5.0606008,-4.5306005,-3.9106007,-3.6606007,-3.9006007,-1.8306006,-5.2606006,-6.4706006,-3.1706007,-1.7806005,-1.7806005,-1.1606005,1.7893994,1.7393994,0.22939941,-1.4306006,-3.8506005,-5.2606006,-4.4606004
-5.040601,-5.3306007,-5.7406006,-5.8906007,-6.1106005,-6.4806004,-6.6706004,-6.4706006,-6.290601,-6.2106004,-5.790601,-5.3006005,-5.0106006,-4.3906007,-3.6806006,-3.1306007,-2.7206006,-2.1206007,-1.4706006,-0.8706006,-0.3006006,1.8593994,2.6493995,3.7893994,2.1693995,0.7793994,0.6293994,1.9193994,1.2593994,4.2993994,4.5193996,4.4393992,3.4893994,-2.1606007,-1.9706006,-5.3206005,-5.9206004,-5.3006005,-4.5906005,-4.9606004,-5.1506004,-1.5206006,-2.5406005,-1.7806005,-2.2506006,-2.7506006,-3.9906006,-3.6006005,-3.4906006,-3.2106006,-2.3406005,-2.2906005,-2.2006006,1.2393994,-0.13060059,-1.7006006,-4.2306004
-5.0606008,-5.290601,-5.5806007,-5.9206004,-6.1506004,-6.3906007,-6.5606008,-6.5706005,-6.5506005,-6.4106007,-5.9606004,-5.5606008,-5.3206005,-4.9506006,-4.4006004,-3.8406005,-3.4006007,-2.6106005,-1.9106005,-1.4006006,-1.2106006,-0.6006006,0.18939942,0.97939944,0.85939944,0.5693994,0.7793994,1.2493994,0.8193994,1.4493995,3.1693995,0.9393994,3.6493995,1.6093994,-2.0306005,-1.0606006,-4.8906007,-3.6706007,-2.9506006,-4.1506004,-5.5306005,0.2993994,-2.2306006,-2.1406007,-3.2006006,-5.3206005,-5.4006004,-5.1006007,-3.8006005,-4.0306005,-4.1306005,-3.9306006,-3.9906006,-4.3506007,-1.5406005,-0.7306006,-0.5506006
-5.770601,-5.4506006,-5.5706005,-5.8606005,-5.9906006,-6.1106005,-6.2406006,-6.3306007,-6.4506006,-6.270601,-6.0106006,-5.7806005,-5.6606007,-5.3006005,-4.8506007,-4.6206007,-4.2406006,-3.6706007,-2.9106007,-2.3806007,-2.2706006,-2.0806005,-1.4006006,-0.8606006,-0.5606006,-0.7806006,-0.57060057,-0.38060057,0.7093994,-1.1406006,-0.8806006,0.5193994,2.1593995,-0.030600585,1.2193995,-2.2106006,-4.0606008,-2.6906006,-0.95060056,-1.8306006,-5.4606004,-0.9206006,-2.0906005,-2.1906006,-3.5206006,-5.6106005,-6.0906005,-5.2106004,-4.0106006,-4.9506006,-4.3706007,-2.1406007,-0.76060057,-3.1406007,-10.340601,-8.1806,-4.4406004
-5.8306007,-5.6806006,-5.770601,-5.8206005,-5.8406005,-6.0706005,-6.0806007,-6.2406006,-6.4206004,-6.2206006,-6.0706005,-6.020601,-5.9606004,-5.6906004,-5.4206004,-5.040601,-4.6806006,-4.1906004,-3.5806005,-3.0106006,-2.8406005,-2.6106005,-2.2206006,-1.7206006,-1.6706005,-1.5706006,-1.5106006,-0.9806006,-0.12060059,2.1493995,1.3093994,0.20939942,0.079399414,0.5293994,1.8793994,1.2593994,-2.9406006,-1.7606006,0.7193994,0.5993994,-2.4106007,-2.5206006,-1.9006006,-2.6406007,-6.0506005,-8.530601,-7.1806006,-5.7406006,-5.6406007,-6.0706005,-6.9806004,-7.4206004,-7.9306006,-6.9806004,-4.1506004,-4.1406007,-7.5706005
-6.0306005,-6.1606007,-6.0106006,-5.9206004,-6.020601,-6.0706005,-6.1706004,-6.4406004,-6.500601,-6.4606004,-6.3506007,-6.2006006,-6.040601,-5.8306007,-5.5606008,-5.250601,-4.8406005,-4.3806005,-3.8706007,-3.5006006,-3.3006005,-2.9006007,-2.3306005,-1.9706006,-1.8306006,-1.8106006,-1.7306006,-1.2006006,-0.6706006,0.5293994,1.7693994,3.1593995,1.4593995,0.8193994,1.0293994,1.6593994,-0.14060059,-0.9906006,-0.4206006,0.6393994,-1.3106006,-1.8106006,-1.6106006,-1.2406006,-4.6506004,-7.5806007,-9.050601,-6.3006005,-5.9006004,-6.2406006,-6.4806004,-6.7206006,-7.3606005,-8.2206,-8.910601,-9.1506,-9.260601
-6.5706005,-6.4406004,-6.3506007,-6.1106005,-5.9906006,-6.1306005,-6.2306004,-6.250601,-6.3006005,-6.3306007,-6.290601,-6.2006006,-6.0706005,-6.0106006,-5.9406004,-5.6806006,-5.3006005,-4.7806005,-4.3706007,-4.0506005,-3.6506007,-3.1206007,-2.6106005,-2.2606006,-2.0006006,-1.7106006,-1.4506006,-1.3906006,-1.1406006,-0.3906006,1.0893995,1.7293994,2.3793993,3.4993994,4.8493996,1.3293995,-0.13060059,0.5893994,3.0493994,1.2693994,1.4393994,-1.5806006,-3.7306006,-0.9606006,4.2193995,-2.1806006,-5.9306006,-7.290601,-7.020601,-6.6906004,-6.750601,-6.9606004,-7.290601,-7.8506007,-8.420601,-8.7706,-8.840601
